########

## 	Model: LSTSM with N=128

########

1	2.170292	0.185014
2	2.172091	0.184304
3	2.169087	0.199574
4	2.168386	0.203480
5	2.170538	0.191051
6	2.168937	0.203835
7	2.168858	0.202060
8	2.168779	0.201705
9	2.166001	0.211648
10	2.165514	0.204901
11	2.166253	0.205256
12	2.166497	0.203835
13	2.166247	0.211293
14	2.164110	0.202770
15	2.164726	0.219460
16	2.163085	0.221236
17	2.165228	0.220881
18	2.163552	0.229048
19	2.162577	0.230114
20	2.163266	0.227983
21	2.162580	0.234020
22	2.161909	0.239702
23	2.162249	0.239347
24	2.160491	0.241477
25	2.160311	0.236861
26	2.158579	0.252486
27	2.157606	0.249645
28	2.157765	0.256392
29	2.157304	0.259588
30	2.156453	0.264205
31	2.156854	0.272727
32	2.154192	0.273082
33	2.153790	0.281605
34	2.150006	0.300071
35	2.150893	0.299361
36	2.151374	0.293679
37	2.150774	0.300426
38	2.148512	0.311080
39	2.147820	0.321733
40	2.145527	0.317827
41	2.146077	0.325639
42	2.143579	0.324219
43	2.142020	0.346946
44	2.142206	0.342685
45	2.141168	0.349432
46	2.136855	0.364347
47	2.138651	0.357955
48	2.138633	0.361151
49	2.134450	0.379616
50	2.132799	0.382812
51	2.132663	0.381037
52	2.130602	0.392756
53	2.129966	0.407315
54	2.128839	0.411577
55	2.124713	0.419389
56	2.123646	0.422940
57	2.121807	0.439276
58	2.120201	0.444602
59	2.120722	0.446023
60	2.117802	0.463423
61	2.113949	0.470526
62	2.113053	0.469815
63	2.112143	0.483310
64	2.109656	0.484375
65	2.107856	0.492188
66	2.103630	0.498224
67	2.101582	0.504972
68	2.099711	0.511719
69	2.098147	0.514915
70	2.096112	0.516335
71	2.091244	0.518821
72	2.088983	0.529474
73	2.087084	0.529830
74	2.085996	0.530185
75	2.081772	0.531250
76	2.077906	0.534446
77	2.075308	0.536932
78	2.072032	0.536222
79	2.068130	0.540128
80	2.066415	0.542969
81	2.061842	0.540838
82	2.057889	0.542969
83	2.056272	0.545099
84	2.053147	0.545455
85	2.049674	0.545099
86	2.046112	0.545810
87	2.042387	0.545810
88	2.038657	0.545099
89	2.035684	0.545455
90	2.031881	0.545455
91	2.026186	0.545455
92	2.022589	0.545455
93	2.017324	0.545455
94	2.012792	0.545455
95	2.008166	0.545455
96	2.003039	0.545455
97	2.000574	0.545455
98	1.995792	0.545455
99	1.992426	0.545455
100	1.985005	0.545455
101	1.978825	0.545455
102	1.973610	0.545455
103	1.970898	0.545455
104	1.965777	0.545455
105	1.957869	0.545455
106	1.953861	0.545455
107	1.947047	0.545455
108	1.941393	0.545455
109	1.934581	0.545455
110	1.927542	0.545455
111	1.921342	0.545455
112	1.914632	0.545455
113	1.908760	0.545455
114	1.899921	0.545455
115	1.892808	0.545455
116	1.886817	0.545455
117	1.877464	0.545455
118	1.870270	0.545455
119	1.861715	0.545455
120	1.850362	0.545455
121	1.843924	0.545455
122	1.834417	0.545455
123	1.824163	0.545455
124	1.813542	0.545455
125	1.804264	0.545455
126	1.789199	0.545455
127	1.780921	0.545455
128	1.768969	0.545455
129	1.755063	0.545455
130	1.743017	0.545455
131	1.729067	0.545455
132	1.713412	0.545455
133	1.698957	0.545455
134	1.683578	0.545455
135	1.667200	0.545455
136	1.648731	0.545455
137	1.631669	0.545455
138	1.610962	0.545455
139	1.591711	0.545455
140	1.572592	0.545455
141	1.551295	0.545455
142	1.527759	0.545455
143	1.504521	0.545455
144	1.483981	0.545455
145	1.462989	0.545455
146	1.439955	0.545455
147	1.420705	0.545455
148	1.401679	0.545455
149	1.382849	0.545455
150	1.369957	0.545455
151	1.354660	0.545455
152	1.340028	0.545455
153	1.328015	0.545455
154	1.318820	0.545455
155	1.310878	0.545455
156	1.295039	0.545455
157	1.290572	0.545455
158	1.279496	0.545455
159	1.270690	0.545455
160	1.260297	0.545455
161	1.250728	0.545455
162	1.244490	0.545455
163	1.235581	0.545455
164	1.224892	0.545455
165	1.216617	0.545455
166	1.210886	0.545455
167	1.197822	0.545455
168	1.191905	0.545455
169	1.185371	0.545455
170	1.175152	0.545455
171	1.167272	0.545455
172	1.160320	0.545455
173	1.155498	0.545455
174	1.149545	0.546165
175	1.144639	0.545455
176	1.146004	0.547230
177	1.126947	0.546165
178	1.118095	0.548295
179	1.110422	0.549006
180	1.106752	0.557528
181	1.098890	0.552912
182	1.096525	0.569602
183	1.090002	0.562500
184	1.090942	0.586648
185	1.076783	0.573153
186	1.076994	0.583807
187	1.065156	0.587713
188	1.064963	0.594815
189	1.057105	0.585582
190	1.059925	0.602273
191	1.047649	0.594460
192	1.047777	0.601562
193	1.039577	0.599787
194	1.044505	0.598366
195	1.034150	0.596591
196	1.036467	0.603693
197	1.025811	0.605469
198	1.033823	0.607955
199	1.020640	0.599432
200	1.028296	0.604759
201	1.013367	0.599432
202	1.017603	0.614347
203	1.010588	0.602273
204	1.013947	0.615767
205	1.010512	0.590554
206	1.017830	0.609730
207	1.002144	0.601562
208	1.002864	0.607955
209	0.998195	0.597301
210	1.001734	0.605469
211	0.995445	0.594460
212	1.007037	0.612926
213	0.994443	0.596236
214	0.996930	0.612216
215	0.987349	0.604048
216	0.986379	0.606179
217	0.984061	0.597656
218	0.987681	0.604759
219	0.990593	0.599077
220	1.014312	0.610440
221	0.985842	0.595170
222	0.980424	0.610085
223	0.975284	0.597656
224	0.972976	0.604759
225	0.969744	0.606534
226	0.968951	0.606889
227	0.966975	0.606889
228	0.965107	0.608665
229	0.964853	0.608310
230	0.981761	0.606179
231	1.225944	0.598011
232	1.057268	0.595881
233	0.983645	0.604403
234	0.971832	0.597656
235	0.966981	0.610085
236	0.966754	0.600852
237	0.963606	0.606889
238	0.965097	0.604048
239	0.963818	0.604759
240	0.963378	0.602983
241	0.962729	0.602983
242	0.961357	0.604403
243	0.960344	0.605469
244	0.959980	0.598011
245	0.959181	0.612571
246	0.957008	0.606179
247	0.956117	0.605469
248	0.956424	0.602628
249	0.955926	0.600852
250	0.955360	0.609375
251	0.953536	0.604048
252	0.953173	0.609375
253	0.954445	0.599787
254	0.953896	0.600142
255	0.950773	0.615767
256	0.951348	0.609020
257	0.952404	0.606179
258	0.951563	0.606179
259	0.965798	0.604048
260	1.190359	0.599077
261	1.046163	0.590909
262	0.961254	0.601562
263	0.956477	0.609020
264	0.956765	0.604403
265	0.955884	0.603338
266	0.955513	0.612571
267	0.954304	0.600852
268	0.953409	0.604759
269	0.954463	0.602273
270	0.953999	0.611506
271	0.952522	0.607599
272	0.951522	0.606534
273	0.952584	0.600852
274	0.950890	0.608310
275	0.952686	0.599432
276	0.952506	0.601562
277	0.950590	0.601918
278	0.951951	0.598011
279	0.949363	0.610085
280	0.950860	0.598011
281	0.950020	0.601918
282	0.948508	0.612216
283	0.948952	0.609375
284	0.947791	0.607244
285	0.947852	0.614347
286	0.948870	0.600852
287	0.947811	0.604048
288	0.945815	0.610440
289	0.946470	0.606889
290	0.946444	0.609375
291	0.946228	0.612216
292	0.948198	0.603693
293	0.948177	0.606534
294	0.973363	0.597301
295	1.357565	0.528409
296	0.959996	0.603693
297	0.957979	0.598722
298	0.954683	0.605114
299	0.954206	0.602983
300	0.954480	0.603693
301	0.953523	0.607599
302	0.952134	0.606889
303	0.952880	0.599077
304	0.952822	0.611506
305	0.952791	0.599787
306	0.952692	0.608665
307	0.951700	0.605114
308	0.951708	0.607244
309	0.951170	0.611151
310	0.950928	0.605469
311	0.951393	0.600497
312	0.948426	0.606889
313	0.951716	0.601918
314	0.949688	0.603693
315	0.949709	0.602273
316	0.947742	0.607599
317	0.949362	0.605114
318	0.949494	0.604403
319	0.947374	0.612926
320	0.947796	0.611506
321	0.947920	0.610085
322	0.946457	0.610440
323	0.946910	0.609375
324	0.947430	0.608310
325	0.947654	0.613281
326	0.947307	0.602628
327	0.946058	0.607599
328	0.946683	0.607955
329	0.945344	0.611861
330	0.945036	0.612571
331	0.946340	0.609375
332	0.946993	0.601207
333	0.946635	0.605469
334	0.945311	0.612216
335	0.944209	0.615767
336	0.944210	0.607599
337	0.946905	0.607244
338	0.949113	0.608665
339	1.041475	0.598722
340	1.206876	0.555043
341	0.956918	0.598366
342	0.953343	0.610440
343	0.951165	0.605824
344	0.949804	0.612571
345	0.951312	0.609020
346	0.950499	0.607244
347	0.949898	0.599787
348	0.950967	0.602983
349	0.950037	0.606179
350	0.950235	0.596236
351	0.949540	0.604759
352	0.948747	0.608310
353	0.949572	0.604403
354	0.949028	0.601562
355	0.947809	0.610085
356	0.948520	0.599077
357	0.949175	0.607599
358	0.948221	0.610085
359	0.948730	0.601207
360	0.948019	0.606889
361	0.947469	0.610440
362	0.948672	0.607955
363	0.947286	0.609020
364	0.945787	0.609730
365	0.947632	0.600142
366	0.946564	0.609375
367	0.946341	0.612216
368	0.946252	0.612926
369	0.946120	0.605114
370	0.946176	0.607244
371	0.945024	0.609375
372	0.946364	0.610085
373	0.945016	0.613636
374	0.946764	0.610440
375	0.945468	0.614347
376	0.945304	0.606889
377	0.945306	0.613636
378	0.943256	0.609020
379	0.946188	0.609375
380	0.944817	0.615412
381	0.943207	0.609730
382	0.944728	0.612571
383	0.943599	0.608310
384	0.944746	0.595170
385	0.945841	0.607599
386	0.943940	0.613636
387	0.944298	0.608310
388	0.944501	0.617188
389	0.945456	0.607955
390	0.944493	0.610440
391	0.943843	0.612571
392	0.944019	0.612571
393	0.945420	0.604403
394	0.944311	0.608665
395	0.944279	0.608665
396	0.944238	0.610795
397	0.947956	0.608310
398	1.326471	0.549716
399	0.951039	0.601918
400	0.948392	0.604403
401	0.950451	0.599432
402	0.948716	0.604048
403	0.948417	0.606534
404	0.948478	0.605114
405	0.948582	0.605114
406	0.948925	0.606179
407	0.947616	0.606889
408	0.948579	0.607955
409	0.948593	0.601918
410	0.948937	0.603693
411	0.948284	0.609375
412	0.947619	0.604759
413	0.947232	0.610795
414	0.947074	0.608310
415	0.947853	0.605824
416	0.947366	0.607599
417	0.946618	0.607244
418	0.946341	0.607955
419	0.946463	0.611861
420	0.946978	0.605824
421	0.946308	0.617898
422	0.946507	0.606179
423	0.946774	0.601562
424	0.945427	0.618608
425	0.946947	0.604403
426	0.945525	0.603693
427	0.945927	0.605469
428	0.946414	0.605469
429	0.945533	0.610085
430	0.946092	0.603338
431	0.945262	0.607244
432	0.946114	0.611151
433	0.945698	0.599432
434	0.946077	0.606889
435	0.947205	0.601918
436	0.945392	0.601918
437	0.943971	0.613281
438	0.944445	0.606534
439	0.943782	0.607955
440	0.944671	0.602628
441	0.944931	0.610440
442	0.944171	0.603693
443	0.943796	0.613991
444	0.944089	0.614702
445	0.945133	0.604759
446	0.944207	0.612926
447	0.943670	0.612216
448	0.944161	0.607955
449	0.944846	0.609020
450	0.943585	0.611151
451	0.944446	0.610440
452	0.945608	0.601918
453	0.944474	0.604759
454	0.944596	0.606179
455	0.943790	0.610795
456	0.944623	0.610440
457	0.943557	0.616477
458	0.943668	0.613991
459	0.942845	0.615767
460	0.941724	0.618608
461	0.943838	0.616832
462	0.943535	0.610440
463	0.946220	0.610440
464	1.111559	0.604403
465	1.030599	0.599077
466	0.949308	0.601918
467	0.947957	0.611861
468	0.946981	0.610795
469	0.946832	0.604759
470	0.947782	0.598011
471	0.946469	0.609020
472	0.945211	0.612926
473	0.946511	0.607244
474	0.945718	0.610440
475	0.945698	0.605469
476	0.945089	0.604759
477	0.945560	0.604403
478	0.946337	0.607244
479	0.945430	0.617188
480	0.945461	0.606179
481	0.945915	0.603338
482	0.946856	0.607244
483	0.945060	0.595881
484	0.946054	0.609730
485	0.945356	0.606534
486	0.944749	0.607955
487	0.945445	0.612216
488	0.944793	0.607955
489	0.944288	0.608310
490	0.944916	0.611506
491	0.944304	0.605114
492	0.945640	0.612926
493	0.942683	0.618963
494	0.944772	0.608310
495	0.945683	0.603338
496	0.944202	0.611506
497	0.943553	0.611506
498	0.944427	0.609375
499	0.943525	0.617188
500	0.945029	0.607244
501	0.945127	0.609020
502	0.945264	0.605114
503	0.943563	0.610440
504	0.943680	0.605114
505	0.943391	0.610085
506	0.943956	0.602628
507	0.943716	0.608310
508	0.942499	0.616832
509	0.945656	0.608310
510	0.944064	0.607955
511	0.944087	0.610795
512	0.944202	0.612571
513	0.942548	0.612926
514	0.943907	0.604403
515	0.943391	0.613991
516	0.943650	0.613991
517	0.942962	0.610085
518	0.943539	0.607244
519	0.942928	0.608310
520	0.943930	0.608310
521	0.943660	0.608310
522	0.943477	0.617898
523	0.942113	0.615057
524	0.942080	0.616477
525	0.942169	0.610795
526	0.943237	0.610085
527	0.944019	0.612216
528	0.943843	0.604403
529	0.943226	0.613281
530	0.944397	0.610085
531	0.942370	0.618963
532	0.942236	0.610085
533	0.942290	0.605114
534	0.945112	0.608310
535	0.946108	0.612926
536	1.023526	0.597656
537	0.955900	0.607599
538	0.948204	0.601562
539	0.947259	0.606889
540	0.947998	0.601562
541	0.947154	0.602983
542	0.947749	0.605114
543	0.946803	0.605469
544	0.946965	0.599787
545	0.946587	0.609020
546	0.947148	0.596591
547	0.946831	0.606889
548	0.946930	0.600852
549	0.945397	0.610440
550	0.945391	0.609375
551	0.946474	0.602273
552	0.945368	0.609375
553	0.943840	0.617543
554	0.945218	0.612571
555	0.945979	0.607955
556	0.945650	0.601207
557	0.944406	0.602628
558	0.944803	0.610795
559	0.946235	0.601918
560	0.945472	0.611861
561	0.945422	0.604403
562	0.944030	0.606889
563	0.943505	0.613636
564	0.945509	0.609730
565	0.943860	0.611151
566	0.943878	0.609375
567	0.945281	0.605114
568	0.943515	0.613991
569	0.943435	0.609730
570	0.943909	0.616122
571	0.944277	0.616122
572	0.944374	0.614702
573	0.944043	0.612926
574	0.943535	0.611861
575	0.943860	0.607244
576	0.943754	0.612216
577	0.944350	0.609730
578	0.942778	0.613636
579	0.943395	0.607244
580	0.944457	0.611506
581	0.942307	0.615412
582	0.942302	0.614702
583	0.943424	0.612926
584	0.943650	0.611151
585	0.943835	0.608310
586	0.943686	0.611506
587	0.943911	0.608665
588	0.944430	0.608665
589	0.943940	0.614347
590	0.945391	0.601562
591	0.944146	0.611861
592	0.943689	0.605469
593	0.943402	0.615767
594	0.942620	0.610085
595	0.943285	0.610440
596	0.943585	0.609375
597	0.943793	0.610440
598	0.943954	0.609375
599	0.942624	0.613281
600	0.943749	0.608665
601	0.945290	0.610795
602	0.955618	0.597301
603	1.069779	0.566761
604	0.948269	0.607599
605	0.946567	0.612571
606	0.946594	0.602273
607	0.945243	0.606889
608	0.946564	0.604048
609	0.946127	0.605469
610	0.946510	0.607599
611	0.945868	0.606179
612	0.945909	0.605824
613	0.945059	0.610085
614	0.946286	0.606179
615	0.944748	0.606889
616	0.946492	0.597301
617	0.944648	0.610795
618	0.944459	0.617543
619	0.945829	0.602273
620	0.945619	0.601562
621	0.946224	0.606534
622	0.944144	0.606889
623	0.945421	0.605469
624	0.944234	0.613636
625	0.943918	0.616477
626	0.945068	0.612216
627	0.945334	0.607955
628	0.944881	0.602983
629	0.944536	0.617188
630	0.945261	0.605824
631	0.944371	0.602983
632	0.944335	0.609020
633	0.943988	0.616832
634	0.945487	0.602273
635	0.943367	0.612216
636	0.945107	0.605114
637	0.944674	0.607955
638	0.943851	0.614347
639	0.944293	0.611151
640	0.944569	0.610440
641	0.944907	0.600852
642	0.944539	0.608665
643	0.942960	0.617543
644	0.944683	0.612926
645	0.943758	0.611506
646	0.943249	0.608310
647	0.944250	0.606889
648	0.943667	0.607244
649	0.943717	0.606889
650	0.944405	0.608310
651	0.944344	0.609020
652	0.943671	0.614702
653	0.943678	0.612926
654	0.944484	0.605824
655	0.942866	0.611506
656	0.943053	0.607244
657	0.943113	0.616477
658	0.944524	0.604403
659	0.943665	0.611861
660	0.943990	0.603338
661	0.943634	0.612571
662	0.945201	0.602273
663	0.943695	0.609020
664	0.943888	0.607599
665	0.944687	0.603693
666	0.942735	0.609730
667	0.943671	0.608310
668	0.943410	0.614347
669	0.943501	0.615412
670	0.943505	0.609730
671	0.945480	0.606889
672	0.951487	0.610440
673	1.008891	0.598366
674	0.959094	0.606179
675	0.948186	0.616122
676	0.946377	0.610085
677	0.946059	0.607955
678	0.945755	0.608665
679	0.944648	0.607955
680	0.945190	0.606534
681	0.944178	0.610795
682	0.944513	0.603338
683	0.944981	0.598722
684	0.944143	0.612571
685	0.944251	0.606534
686	0.944709	0.612571
687	0.944129	0.612926
688	0.944611	0.610795
689	0.944592	0.607955
690	0.945259	0.608310
691	0.943783	0.606889
692	0.943477	0.613636
693	0.943350	0.614702
694	0.943690	0.613281
695	0.944702	0.604403
696	0.943480	0.612571
697	0.944285	0.607599
698	0.944307	0.606889
699	0.944337	0.604759
700	0.943065	0.620028
701	0.943192	0.612216
702	0.944311	0.610440
703	0.943369	0.610795
704	0.944325	0.610795
705	0.943083	0.614702
706	0.944335	0.609375
707	0.944015	0.602983
708	0.944272	0.610440
709	0.944147	0.602983
710	0.942364	0.613281
711	0.944025	0.607599
712	0.943571	0.617188
713	0.944013	0.616122
714	0.944298	0.606889
715	0.943988	0.605824
716	0.944704	0.603693
717	0.942129	0.612926
718	0.941664	0.614347
719	0.944257	0.609730
720	0.943928	0.613281
721	0.943458	0.613636
722	0.943881	0.611151
723	0.943347	0.611506
724	0.944396	0.607599
725	0.943560	0.606534
726	0.943421	0.611151
727	0.943604	0.609020
728	0.942806	0.613636
729	0.941788	0.616477
730	0.943390	0.608665
731	0.942770	0.609375
732	0.943597	0.613281
733	0.943240	0.613281
734	0.941261	0.615767
735	0.943897	0.613636
736	0.943205	0.611151
737	0.943797	0.608310
738	0.943718	0.613636
739	0.942615	0.609375
740	0.944036	0.608310
741	0.943916	0.612571
742	0.942030	0.608665
743	0.944278	0.615767
744	0.942705	0.611151
745	0.944222	0.604048
746	0.943906	0.611151
747	0.942627	0.609375
748	0.942739	0.615057
749	0.941691	0.620739
750	0.943184	0.612571
751	0.942855	0.609375
752	0.944298	0.618963
753	0.949479	0.605824
754	0.974847	0.608665
755	0.945738	0.604759
756	0.945595	0.601562
757	0.946882	0.604048
758	0.945249	0.606534
759	0.944840	0.609730
760	0.945594	0.606889
761	0.944831	0.606534
762	0.945015	0.612571
763	0.943663	0.606534
764	0.944309	0.612216
765	0.944542	0.607244
766	0.943892	0.613636
767	0.944433	0.615057
768	0.943852	0.613636
769	0.944065	0.605824
770	0.943201	0.610795
771	0.943871	0.607244
772	0.944515	0.606889
773	0.943589	0.614702
774	0.943510	0.608310
775	0.943895	0.614347
776	0.942538	0.617543
777	0.944263	0.604759
778	0.943227	0.612571
779	0.943879	0.609020
780	0.943415	0.615412
781	0.944020	0.604403
782	0.943230	0.616477
783	0.942193	0.611151
784	0.944484	0.604403
785	0.943633	0.613281
786	0.943253	0.615057
787	0.942162	0.616832
788	0.942994	0.612926
789	0.942384	0.612926
790	0.943140	0.609020
791	0.942514	0.610440
792	0.942623	0.615057
793	0.941231	0.609020
794	0.942402	0.612926
795	0.942716	0.612571
796	0.942150	0.614347
797	0.942427	0.612571
798	0.942595	0.610085
799	0.943319	0.610440
800	0.942125	0.620028
801	0.941991	0.611506
802	0.940350	0.616832
803	0.942683	0.615057
804	0.941312	0.611861
805	0.942151	0.613991
806	0.941968	0.618608
807	0.940377	0.622514
808	0.939725	0.622869
809	0.949507	0.613991
810	0.948624	0.600497
811	0.946253	0.618608
812	0.950079	0.608665
813	0.943216	0.617898
814	0.941719	0.615767
815	0.942109	0.615767
816	0.940383	0.616122
817	0.941065	0.619318
818	0.938695	0.619673
819	0.941498	0.618608
820	0.940876	0.622514
821	0.939110	0.615057
822	0.939485	0.620028
823	0.938888	0.617898
824	0.942439	0.611151
825	0.939924	0.613991
826	0.938381	0.627486
827	0.939815	0.618963
828	0.938079	0.623580
829	0.938554	0.615412
830	0.941620	0.620028
831	0.941015	0.602273
832	0.946570	0.614702
833	0.939151	0.622869
834	0.938180	0.613281
835	0.939668	0.622514
836	0.936855	0.616477
837	0.937849	0.627486
838	0.939240	0.615412
839	0.938238	0.621449
840	0.937297	0.612216
841	0.942723	0.613636
842	0.938737	0.615057
843	0.941954	0.615412
844	0.938306	0.617898
845	0.935780	0.625710
846	0.936673	0.612216
847	0.944005	0.615057
848	0.940530	0.615057
849	0.936918	0.623580
850	0.948189	0.615412
851	0.953884	0.607955
852	0.950829	0.601562
853	0.947318	0.603693
854	0.944150	0.604048
855	0.939930	0.616122
856	0.936690	0.615057
857	0.937464	0.624290
858	0.936392	0.627131
859	0.937766	0.624290
860	0.935204	0.628196
861	0.936991	0.616477
862	0.935113	0.617543
863	0.937045	0.625355
864	0.937385	0.617188
865	0.938394	0.613991
866	0.940273	0.611861
867	0.945748	0.609375
868	0.935530	0.611506
869	0.935009	0.622514
870	0.934878	0.618253
871	0.935161	0.627486
872	0.938076	0.609730
873	0.947104	0.605114
874	0.935379	0.621804
875	0.932745	0.628196
876	0.932633	0.632457
877	0.934620	0.618253
878	0.936411	0.625355
879	0.939773	0.602273
880	0.946911	0.615412
881	0.935232	0.622159
882	0.937830	0.614347
883	0.935882	0.609730
884	0.935140	0.627841
885	0.935496	0.616477
886	0.934721	0.621804
887	0.936011	0.615057
888	0.940115	0.612926
889	0.933198	0.622869
890	0.934216	0.615767
891	0.937673	0.616832
892	0.942162	0.610085
893	0.937591	0.614347
894	0.952415	0.604048
895	0.938272	0.614347
896	0.932857	0.616832
897	0.934756	0.631037
898	0.935007	0.618253
899	0.939001	0.621094
900	0.936616	0.621449
901	0.939118	0.619673
902	0.933468	0.620028
903	0.936550	0.618253
904	0.935378	0.618608
905	0.937772	0.610440
906	0.934621	0.622869
907	0.937051	0.617543
908	0.935148	0.617543
909	0.931907	0.622869
910	0.933693	0.623224
911	0.937000	0.613281
912	0.937114	0.626065
913	0.939336	0.621449
914	0.931418	0.621449
915	0.935823	0.619318
916	0.943538	0.617188
917	0.951064	0.606179
918	0.935957	0.623580
919	0.934377	0.619673
920	0.931652	0.626065
921	0.932251	0.620384
922	0.931448	0.629972
923	0.932515	0.617188
924	0.944738	0.604048
925	0.932208	0.615057
926	0.930288	0.626065
927	0.931060	0.616832
928	0.932317	0.622869
929	0.934965	0.616477
930	0.935855	0.617188
931	0.937341	0.615412
932	0.942539	0.614702
933	0.929627	0.617543
934	0.926780	0.623580
935	0.930813	0.620384
936	0.934571	0.617898
937	0.935761	0.622159
938	0.943782	0.609020
939	0.930658	0.626420
940	0.928310	0.635653
941	0.930023	0.625355
942	0.930152	0.619318
943	0.934327	0.617543
944	0.947841	0.612216
945	0.927135	0.627131
946	0.925081	0.625710
947	0.935039	0.631747
948	0.936080	0.615767
949	0.941674	0.616122
950	0.932947	0.617543
951	0.933984	0.620028
952	0.933377	0.616477
953	0.942123	0.615412
954	0.930182	0.620028
955	0.930827	0.618608
956	0.931201	0.620384
957	0.933215	0.626420
958	0.933835	0.618608
959	0.926614	0.626420
960	0.929163	0.623580
961	0.935991	0.622869
962	0.936777	0.611151
963	0.934662	0.618963
964	0.937322	0.611861
965	0.935372	0.619318
966	0.933937	0.619318
967	0.934844	0.623935
968	0.931832	0.621449
969	0.933424	0.618608
970	0.933995	0.616477
971	0.944712	0.611151
972	0.926857	0.627841
973	0.931375	0.620028
974	0.932679	0.622159
975	0.935407	0.620028
976	0.930721	0.628196
977	0.935061	0.623224
978	0.933573	0.623580
979	0.943664	0.606179
980	0.928108	0.618963
981	0.933503	0.622869
982	0.932421	0.623224
983	0.933296	0.627486
984	0.930574	0.622869
985	0.935968	0.611861
986	0.931510	0.617188
987	0.927649	0.630682
988	0.931969	0.630682
989	0.940050	0.618253
990	0.932216	0.618608
991	0.932834	0.618253
992	0.933050	0.616832
993	0.933864	0.621094
994	0.931233	0.618253
995	0.931210	0.623580
996	0.928104	0.628551
997	0.932787	0.614702
998	0.932428	0.621804
999	0.934497	0.627841
1000	0.932565	0.617188
1001	0.931508	0.617188
1002	0.930190	0.622514
1003	0.932845	0.617898
1004	0.931451	0.622869
1005	0.935742	0.615057
1006	0.930832	0.619318
1007	0.939064	0.618608
1008	0.936445	0.616477
1009	0.949583	0.607599
1010	0.927265	0.625710
1011	0.927779	0.627486
1012	0.924424	0.629616
1013	0.923706	0.624290
1014	0.928326	0.613991
1015	0.928907	0.621804
1016	0.930047	0.623580
1017	0.932315	0.620028
1018	0.941462	0.604759
1019	0.942687	0.618963
1020	0.945062	0.615767
1021	0.928914	0.623224
1022	0.929947	0.620739
1023	0.923851	0.621449
1024	0.927704	0.629261
1025	0.928438	0.618608
1026	0.930749	0.623935
1027	0.933147	0.622869
1028	0.946429	0.605114
1029	0.926346	0.620739
1030	0.924695	0.629616
1031	0.927335	0.623580
1032	0.925621	0.633168
1033	0.924303	0.628906
1034	0.929057	0.622514
1035	0.934519	0.627131
1036	0.934822	0.619318
1037	0.934083	0.623580
1038	0.941300	0.615057
1039	0.935581	0.616477
1040	0.932299	0.621804
1041	0.931030	0.618253
1042	0.934905	0.615057
1043	0.929094	0.620028
1044	0.932090	0.614702
1045	0.928059	0.629261
1046	0.941476	0.609020
1047	0.925707	0.621094
1048	0.927001	0.628906
1049	0.928490	0.619673
1050	0.942628	0.611861
1051	0.924791	0.620028
1052	0.930596	0.618253
1053	0.930134	0.615057
1054	0.929219	0.620028
1055	0.931121	0.623580
1056	0.927283	0.629616
1057	0.927453	0.619673
1058	0.934175	0.620384
1059	0.933117	0.618253
1060	0.947376	0.612926
1061	0.928262	0.617898
1062	0.929775	0.620739
1063	0.924216	0.620739
1064	0.932086	0.621804
1065	0.931433	0.623935
1066	0.932141	0.621804
1067	0.930471	0.626065
1068	0.955313	0.615767
1069	0.947522	0.607244
1070	0.932680	0.626776
1071	0.928943	0.624645
1072	0.930131	0.624645
1073	0.925723	0.624645
1074	0.925337	0.634588
1075	0.930201	0.620028
1076	0.930507	0.621094
1077	0.937128	0.621094
1078	0.940044	0.609375
1079	0.929511	0.616832
1080	0.932130	0.621449
1081	0.926862	0.621804
1082	0.926588	0.627841
1083	0.935332	0.614347
1084	0.936625	0.616477
1085	0.933521	0.625710
1086	0.933888	0.623580
1087	0.924514	0.631037
1088	0.927221	0.617543
1089	0.928779	0.626420
1090	0.925196	0.625000
1091	0.926626	0.625355
1092	0.924445	0.624290
1093	0.927811	0.632812
1094	0.934977	0.621804
1095	0.940659	0.609375
1096	0.933641	0.610085
1097	0.937391	0.621804
1098	0.950117	0.608310
1099	0.928922	0.623224
1100	0.928367	0.624645
1101	0.923723	0.623935
1102	0.925889	0.628551
1103	0.925688	0.622159
1104	0.924025	0.623935
1105	0.934689	0.615412
1106	0.932030	0.626065
1107	0.929388	0.626776
1108	0.930255	0.621804
1109	0.935140	0.615767
1110	0.930361	0.620739
1111	0.929911	0.625710
1112	0.928833	0.621449
1113	0.931295	0.611861
1114	0.926464	0.626776
1115	0.931752	0.624645
1116	0.931098	0.623224
1117	0.929370	0.618608
1118	0.931595	0.625710
1119	0.933200	0.622159
1120	0.934431	0.616832
1121	0.929446	0.626065
1122	0.925000	0.613281
1123	0.931231	0.620028
1124	0.932485	0.621449
1125	0.928910	0.624290
1126	0.924370	0.626420
1127	0.937090	0.617543
1128	0.926451	0.629616
1129	0.928286	0.626065
1130	0.929149	0.626065
1131	0.940265	0.616832
1132	0.930219	0.618253
1133	0.936083	0.616832
1134	0.933014	0.614347
1135	0.933221	0.618608
1136	0.928436	0.623224
1137	0.926066	0.628196
1138	0.928430	0.623224
1139	0.932423	0.614702
1140	0.932260	0.617188
1141	0.930307	0.622159
1142	0.928015	0.621094
1143	0.931136	0.627486
1144	0.932025	0.614347
1145	0.930951	0.621094
1146	0.935253	0.616832
1147	0.928671	0.618253
1148	0.928431	0.630327
1149	0.932157	0.620739
1150	0.928778	0.623580
1151	0.930248	0.620028
1152	0.928555	0.617543
1153	0.928917	0.628196
1154	0.927295	0.617898
1155	0.926527	0.625355
1156	0.932326	0.616832
1157	0.948641	0.618253
1158	0.932659	0.622869
1159	0.923641	0.620384
1160	0.926617	0.625000
1161	0.929139	0.620384
1162	0.926941	0.616477
1163	0.927176	0.620028
1164	0.927629	0.615412
1165	0.929960	0.617188
1166	0.935298	0.625000
1167	0.929788	0.617188
1168	0.937523	0.624645
1169	0.929923	0.622869
1170	0.931971	0.619318
1171	0.927507	0.626065
1172	0.929832	0.624645
1173	0.933942	0.623580
1174	0.929351	0.618608
1175	0.934791	0.617188
1176	0.935867	0.623224
1177	0.931978	0.614702
1178	0.930517	0.622869
1179	0.927791	0.625000
1180	0.929330	0.626776
1181	0.927191	0.622514
1182	0.925263	0.633168
1183	0.931391	0.619318
1184	0.929395	0.622159
1185	0.930743	0.622869
1186	0.937466	0.614702
1187	0.927509	0.624290
1188	0.931484	0.626420
1189	0.926124	0.622514
1190	0.932385	0.625710
1191	0.934085	0.619673
1192	0.935206	0.621094
1193	0.932739	0.630682
1194	0.928316	0.620028
1195	0.925756	0.612571
1196	0.927987	0.629616
1197	0.927327	0.617543
1198	0.926649	0.618608
1199	0.928660	0.621804
1200	0.933378	0.616122
1201	0.922012	0.619673
1202	0.932293	0.622159
1203	0.928670	0.620028
1204	0.923956	0.621804
1205	0.929886	0.622159
1206	0.932011	0.618253
1207	0.932019	0.615057
1208	0.932474	0.625000
1209	0.928403	0.622869
1210	0.936944	0.617543
1211	0.928454	0.618608
1212	0.931742	0.610440
1213	0.931334	0.618253
1214	0.932853	0.618253
1215	0.930304	0.616477
1216	0.926435	0.631747
1217	0.926632	0.618253
1218	0.928805	0.616832
1219	0.933423	0.623935
1220	0.927160	0.620384
1221	0.923364	0.625000
1222	0.923718	0.628906
1223	0.922278	0.627841
1224	0.931704	0.617188
1225	0.940491	0.614702
1226	0.932049	0.623580
1227	0.927776	0.617543
1228	0.924772	0.625000
1229	0.932765	0.618253
1230	0.925206	0.618253
1231	0.929677	0.630682
1232	0.930896	0.618963
1233	0.936597	0.621094
1234	0.936481	0.620739
1235	0.925480	0.625000
1236	0.926246	0.623224
1237	0.922893	0.624645
1238	0.925928	0.626065
1239	0.927392	0.618253
1240	0.932617	0.630682
1241	0.934057	0.622869
1242	0.939295	0.619673
1243	0.935427	0.629616
1244	0.931931	0.626776
1245	0.925828	0.621094
1246	0.925769	0.627841
1247	0.925412	0.619318
1248	0.925320	0.629261
1249	0.930328	0.620739
1250	0.927869	0.621094
1251	0.926624	0.625355
1252	0.934652	0.625000
1253	0.931290	0.623224
1254	0.929566	0.625000
1255	0.927191	0.623935
1256	0.931637	0.616832
1257	0.932736	0.623580
1258	0.931613	0.623935
1259	0.931320	0.620028
1260	0.926076	0.627486
1261	0.927120	0.622869
1262	0.929816	0.626420
1263	0.929292	0.623580
1264	0.922639	0.624645
1265	0.930089	0.618608
1266	0.929283	0.624645
1267	0.934092	0.617188
1268	0.930348	0.616832
1269	0.926265	0.625000
1270	0.924781	0.626420
1271	0.932195	0.620028
1272	0.930556	0.625710
1273	0.926816	0.628551
1274	0.941497	0.619318
1275	0.923367	0.626065
1276	0.925416	0.632457
1277	0.926228	0.627486
1278	0.928521	0.619673
1279	0.927189	0.626420
1280	0.923663	0.619318
1281	0.921948	0.627486
1282	0.922941	0.624290
1283	0.925722	0.618608
1284	0.919893	0.627131
1285	0.932436	0.622159
1286	0.947212	0.610085
1287	0.939267	0.609375
1288	0.925897	0.622514
1289	0.928746	0.621094
1290	0.933957	0.618253
1291	0.927926	0.622869
1292	0.928813	0.632457
1293	0.925195	0.622514
1294	0.930037	0.624290
1295	0.930958	0.625000
1296	0.930186	0.622514
1297	0.927570	0.633878
1298	0.929357	0.621804
1299	0.925001	0.626065
1300	0.927365	0.620739
1301	0.933538	0.622869
1302	0.923535	0.629616
1303	0.927048	0.626065
1304	0.939809	0.615412
1305	0.927778	0.620028
1306	0.928802	0.617543
1307	0.930232	0.624645
1308	0.919059	0.620739
1309	0.923880	0.630682
1310	0.928617	0.617188
1311	0.924496	0.625355
1312	0.927060	0.625000
1313	0.931115	0.620028
1314	0.923693	0.623935
1315	0.925269	0.623935
1316	0.930537	0.617543
1317	0.929652	0.622869
1318	0.922718	0.626065
1319	0.925400	0.617543
1320	0.927545	0.621804
1321	0.928638	0.621094
1322	0.929334	0.627486
1323	0.938581	0.617188
1324	0.933592	0.622869
1325	0.931385	0.621094
1326	0.927762	0.621804
1327	0.931066	0.621804
1328	0.931431	0.616832
1329	0.930301	0.625710
1330	0.927927	0.617898
1331	0.927441	0.622869
1332	0.931674	0.624645
1333	0.932408	0.618608
1334	0.925170	0.622514
1335	0.929470	0.623224
1336	0.923260	0.629261
1337	0.925266	0.624645
1338	0.928580	0.620384
1339	0.923049	0.626776
1340	0.928085	0.626776
1341	0.926224	0.621804
1342	0.934974	0.618253
1343	0.931280	0.611506
1344	0.929597	0.621449
1345	0.933582	0.619318
1346	0.935213	0.628906
1347	0.937934	0.615057
1348	0.930100	0.615057
1349	0.923440	0.618608
1350	0.924665	0.619318
1351	0.920759	0.620739
1352	0.922351	0.631392
1353	0.926292	0.620384
1354	0.920110	0.627131
1355	0.922843	0.625710
1356	0.923343	0.627841
1357	0.917434	0.630327
1358	0.921664	0.620384
1359	0.927045	0.626776
1360	0.940731	0.613991
1361	0.934713	0.623580
1362	0.932024	0.619318
1363	0.921019	0.627131
1364	0.924372	0.626776
1365	0.922959	0.615057
1366	0.931662	0.625000
1367	0.931962	0.618963
1368	0.931566	0.622159
1369	0.928103	0.618608
1370	0.928240	0.625000
1371	0.929492	0.623580
1372	0.930226	0.622514
1373	0.928822	0.614702
1374	0.926671	0.618253
1375	0.925079	0.623224
1376	0.926331	0.623580
1377	0.920234	0.629261
1378	0.928738	0.623580
1379	0.927297	0.626065
1380	0.928393	0.622869
1381	0.929055	0.616477
1382	0.936725	0.608310
1383	0.934678	0.620384
1384	0.935607	0.612926
1385	0.926863	0.623224
1386	0.922404	0.629261
1387	0.922386	0.621449
1388	0.923768	0.622159
1389	0.923896	0.627131
1390	0.924783	0.620384
1391	0.927092	0.613281
1392	0.929467	0.620028
1393	0.932443	0.619673
1394	0.934765	0.623224
1395	0.927619	0.619673
1396	0.936240	0.627841
1397	0.925624	0.614347
1398	0.926024	0.632457
1399	0.929709	0.611861
1400	0.924606	0.610440
1401	0.924467	0.618608
1402	0.929080	0.621094
1403	0.923000	0.626420
1404	0.932502	0.621449
1405	0.929896	0.622159
1406	0.928432	0.630327
1407	0.926714	0.622514
1408	0.928264	0.615412
1409	0.928899	0.622869
1410	0.932412	0.618608
1411	0.927708	0.624290
1412	0.930863	0.620028
1413	0.927805	0.624290
1414	0.934904	0.620384
1415	0.920613	0.625000
1416	0.921017	0.626776
1417	0.924908	0.617543
1418	0.922023	0.622869
1419	0.924800	0.614347
1420	0.925601	0.625000
1421	0.930018	0.625000
1422	0.930152	0.632102
1423	0.934154	0.616122
1424	0.935061	0.620739
1425	0.945586	0.616477
1426	0.946011	0.621094
1427	0.934487	0.616477
1428	0.929587	0.622159
1429	0.927351	0.627131
1430	0.923454	0.626420
1431	0.925020	0.627131
1432	0.922879	0.625000
1433	0.925313	0.623580
1434	0.924520	0.622159
1435	0.923099	0.618253
1436	0.925991	0.619318
1437	0.927370	0.623224
1438	0.923543	0.628551
1439	0.924439	0.631392
1440	0.927232	0.618253
1441	0.926849	0.625710
1442	0.933629	0.612216
1443	0.924718	0.627841
1444	0.928879	0.619673
1445	0.931775	0.626065
1446	0.930342	0.626420
1447	0.933001	0.627486
1448	0.927709	0.619318
1449	0.926243	0.617898
1450	0.932542	0.623580
1451	0.928889	0.623935
1452	0.925558	0.628196
1453	0.930104	0.620739
1454	0.927018	0.623580
1455	0.932566	0.623580
1456	0.925531	0.622159
1457	0.922401	0.626420
1458	0.927835	0.620739
1459	0.924737	0.629972
1460	0.924599	0.625710
1461	0.926313	0.621094
1462	0.923765	0.622159
1463	0.926640	0.630327
1464	0.928745	0.612216
1465	0.928185	0.634943
1466	0.928909	0.617898
1467	0.928653	0.623935
1468	0.927103	0.622514
1469	0.929980	0.628906
1470	0.928333	0.617188
1471	0.924189	0.627841
1472	0.930859	0.625355
1473	0.930814	0.617188
1474	0.932194	0.609730
1475	0.929475	0.627841
1476	0.932105	0.627486
1477	0.935519	0.625355
1478	0.928896	0.623224
1479	0.930525	0.615412
1480	0.928476	0.618253
1481	0.918204	0.632457
1482	0.927041	0.623935
1483	0.922470	0.625355
1484	0.923647	0.625710
1485	0.919739	0.633523
1486	0.926103	0.625710
1487	0.922102	0.626776
1488	0.925176	0.629972
1489	0.928864	0.625355
1490	0.934763	0.623224
1491	0.934106	0.616122
1492	0.929455	0.624645
1493	0.927327	0.626420
1494	0.929910	0.618608
1495	0.924539	0.626420
1496	0.925351	0.619318
1497	0.925806	0.629616
1498	0.921938	0.625710
1499	0.924832	0.624645
1500	0.927194	0.620739
1501	0.931020	0.626420
1502	0.928195	0.625355
1503	0.937108	0.618963
1504	0.928399	0.618963
1505	0.935094	0.621094
1506	0.926521	0.622159
1507	0.923650	0.630327
1508	0.925382	0.621804
1509	0.921600	0.626776
1510	0.919578	0.627486
1511	0.921580	0.628196
1512	0.928661	0.628196
1513	0.927178	0.622869
1514	0.928617	0.621449
1515	0.931102	0.628196
1516	0.933412	0.620739
1517	0.928394	0.625000
1518	0.926521	0.620028
1519	0.926270	0.626420
1520	0.923030	0.624645
1521	0.926019	0.631747
1522	0.926129	0.623935
1523	0.919548	0.632102
1524	0.925921	0.623580
1525	0.923636	0.627131
1526	0.928345	0.622159
1527	0.929741	0.625355
1528	0.933262	0.621449
1529	0.925237	0.629616
1530	0.922836	0.621804
1531	0.928694	0.620384
1532	0.918066	0.620028
1533	0.922080	0.623224
1534	0.922490	0.621804
1535	0.929599	0.628551
1536	0.927366	0.615767
1537	0.927246	0.628196
1538	0.931174	0.618253
1539	0.930429	0.632102
1540	0.928875	0.618963
1541	0.923542	0.625710
1542	0.925531	0.632457
1543	0.926599	0.621449
1544	0.923807	0.616477
1545	0.932047	0.623224
1546	0.933930	0.622159
1547	0.930316	0.622159
1548	0.925591	0.617898
1549	0.928494	0.620384
1550	0.926442	0.624290
1551	0.927251	0.626776
1552	0.928037	0.623935
1553	0.930498	0.618963
1554	0.921451	0.627486
1555	0.928273	0.617188
1556	0.925789	0.620384
1557	0.927982	0.621449
1558	0.926281	0.621804
1559	0.924778	0.623935
1560	0.928015	0.625000
1561	0.928758	0.623935
1562	0.927001	0.625000
1563	0.920710	0.631392
1564	0.925851	0.623935
1565	0.927674	0.621449
1566	0.931869	0.619673
1567	0.928918	0.618253
1568	0.931091	0.609730
1569	0.924347	0.630327
1570	0.928449	0.618608
1571	0.926893	0.632102
1572	0.930337	0.618963
1573	0.925964	0.621449
1574	0.923304	0.618253
1575	0.930698	0.619673
1576	0.932396	0.606534
1577	0.925856	0.616122
1578	0.926582	0.623580
1579	0.929596	0.630682
1580	0.930764	0.616122
1581	0.928448	0.618608
1582	0.922856	0.623580
1583	0.920402	0.628196
1584	0.926974	0.623935
1585	0.926089	0.625000
1586	0.923161	0.627486
1587	0.926717	0.618963
1588	0.925780	0.624290
1589	0.925599	0.622159
1590	0.926181	0.625355
1591	0.927941	0.616832
1592	0.927575	0.622869
1593	0.931725	0.613991
1594	0.920859	0.626776
1595	0.931299	0.625000
1596	0.922456	0.626420
1597	0.919671	0.626065
1598	0.926929	0.622869
1599	0.921831	0.627486
1600	0.922579	0.622869
1601	0.927215	0.622514
1602	0.929961	0.620028
1603	0.925642	0.628551
1604	0.927922	0.621094
1605	0.928360	0.621449
1606	0.934800	0.619673
1607	0.928182	0.618963
1608	0.920039	0.624645
1609	0.922755	0.622514
1610	0.923984	0.625000
1611	0.919643	0.625710
1612	0.922439	0.623580
1613	0.923593	0.626065
1614	0.923844	0.625355
1615	0.923331	0.626776
1616	0.930718	0.621094
1617	0.927108	0.627841
1618	0.932149	0.618608
1619	0.924790	0.623935
1620	0.926686	0.623935
1621	0.927908	0.621804
1622	0.922474	0.621804
1623	0.924723	0.626420
1624	0.926173	0.618608
1625	0.927090	0.627131
1626	0.923317	0.619318
1627	0.927734	0.622869
1628	0.922312	0.631037
1629	0.928994	0.621094
1630	0.928851	0.617898
1631	0.925160	0.626065
1632	0.921338	0.627131
1633	0.927514	0.628906
1634	0.925089	0.627486
1635	0.931948	0.621449
1636	0.925020	0.631392
1637	0.969796	0.617188
1638	0.946046	0.614702
1639	0.941011	0.616832
1640	0.927544	0.621449
1641	0.929371	0.628551
1642	0.923711	0.624290
1643	0.926243	0.626776
1644	0.926894	0.627486
1645	0.923005	0.630682
1646	0.922614	0.628551
1647	0.924759	0.622869
1648	0.923845	0.626420
1649	0.918224	0.627131
1650	0.920452	0.626420
1651	0.922223	0.622869
1652	0.925897	0.621804
1653	0.923734	0.628551
1654	0.923530	0.627841
1655	0.922064	0.635298
1656	0.924912	0.624645
1657	0.920135	0.631747
1658	0.920435	0.624645
1659	0.923212	0.624290
1660	0.925181	0.618963
1661	0.925633	0.626065
1662	0.926002	0.615057
1663	0.919633	0.622159
1664	0.922927	0.622514
1665	0.925914	0.629972
1666	0.919634	0.625710
1667	0.925825	0.618608
1668	0.923040	0.622869
1669	0.920337	0.618963
1670	0.924057	0.623224
1671	0.929361	0.617898
1672	0.932266	0.619318
1673	0.929813	0.627486
1674	0.929933	0.622159
1675	0.922967	0.631392
1676	0.920152	0.623224
1677	0.924024	0.619318
1678	0.920213	0.619318
1679	0.926004	0.626420
1680	0.922879	0.628906
1681	0.922611	0.627131
1682	0.937184	0.614347
1683	0.928287	0.627131
1684	0.929810	0.625355
1685	0.922797	0.628551
1686	0.924204	0.625355
1687	0.924488	0.617543
1688	0.924705	0.625355
1689	0.925511	0.616832
1690	0.923670	0.623224
1691	0.927356	0.623224
1692	0.926884	0.628906
1693	0.922434	0.622514
1694	0.933855	0.614347
1695	0.930331	0.617543
1696	0.921346	0.626065
1697	0.924162	0.624645
1698	0.927509	0.624290
1699	0.924846	0.629616
1700	0.919899	0.624645
1701	0.921049	0.624645
1702	0.925634	0.625710
1703	0.922498	0.623224
1704	0.924793	0.618963
1705	0.926038	0.618253
1706	0.927218	0.622514
1707	0.923653	0.623935
1708	0.922502	0.637784
1709	0.925577	0.621804
1710	0.922181	0.618253
1711	0.923996	0.620028
1712	0.924097	0.627131
1713	0.928464	0.624290
1714	0.921592	0.625710
1715	0.924511	0.617898
1716	0.927122	0.620739
1717	0.925756	0.621804
1718	0.925067	0.625355
1719	0.927011	0.630682
1720	0.928657	0.620384
1721	0.929826	0.617898
1722	0.928712	0.622514
1723	0.923771	0.620384
1724	0.925707	0.623580
1725	0.921880	0.631747
1726	0.919619	0.630327
1727	0.916576	0.624290
1728	0.926003	0.622869
1729	0.924825	0.627131
1730	0.928852	0.624645
1731	0.924619	0.615412
1732	0.921215	0.616832
1733	0.928058	0.627486
1734	0.922924	0.629972
1735	0.920220	0.629972
1736	0.923665	0.623580
1737	0.926219	0.622869
1738	0.933785	0.621804
1739	0.928494	0.617543
1740	0.920663	0.633523
1741	0.923111	0.625355
1742	0.926241	0.614347
1743	0.921874	0.626420
1744	0.920227	0.624290
1745	0.925856	0.622514
1746	0.928934	0.621449
1747	0.919681	0.635653
1748	0.924175	0.627841
1749	0.915453	0.632457
1750	0.919977	0.621804
1751	0.922027	0.631747
1752	0.924120	0.621804
1753	0.932166	0.622159
1754	0.931247	0.623580
1755	0.932527	0.621804
1756	0.931866	0.614702
1757	0.918650	0.627841
1758	0.923091	0.621094
1759	0.924044	0.625000
1760	0.922527	0.633523
1761	0.921745	0.626776
1762	0.920903	0.627486
1763	0.919414	0.629972
1764	0.921337	0.621804
1765	0.928062	0.622869
1766	0.932292	0.622159
1767	0.931601	0.611151
1768	0.928157	0.622869
1769	0.930838	0.618253
1770	0.922591	0.626065
1771	0.926566	0.620739
1772	0.925035	0.625000
1773	0.921628	0.629972
1774	0.924592	0.627131
1775	0.922999	0.623224
1776	0.926307	0.614347
1777	0.926490	0.623580
1778	0.928071	0.612571
1779	0.929090	0.623935
1780	0.928930	0.625000
1781	0.922639	0.629261
1782	0.920857	0.628906
1783	0.927266	0.624645
1784	0.924354	0.629616
1785	0.918484	0.623580
1786	0.922783	0.621804
1787	0.916044	0.627131
1788	0.916844	0.633168
1789	0.918945	0.625000
1790	0.921316	0.623935
1791	0.926485	0.623224
1792	0.916725	0.626420
1793	0.923708	0.617188
1794	0.926130	0.618608
1795	0.931354	0.622514
1796	0.936420	0.620384
1797	0.932742	0.612926
1798	0.929074	0.620384
1799	0.921594	0.628551
1800	0.919711	0.622869
1801	0.921037	0.637784
1802	0.925067	0.622869
1803	0.917947	0.631392
1804	0.924877	0.624645
1805	0.922403	0.620028
1806	0.929547	0.625355
1807	0.925863	0.621804
1808	0.924221	0.630327
1809	0.924160	0.617543
1810	0.924297	0.625355
1811	0.920373	0.623935
1812	0.926016	0.627131
1813	0.926563	0.621094
1814	0.923540	0.625355
1815	0.926524	0.620739
1816	0.922506	0.625355
1817	0.923072	0.623224
1818	0.919112	0.622869
1819	0.921273	0.628551
1820	0.927450	0.622514
1821	0.925939	0.619318
1822	0.931583	0.625000
1823	0.923293	0.625000
1824	0.923980	0.621449
1825	0.923535	0.618963
1826	0.922014	0.627841
1827	0.926446	0.622159
1828	0.930505	0.624645
1829	0.926594	0.625000
1830	0.930750	0.623935
1831	0.920079	0.623580
1832	0.926977	0.617898
1833	0.920679	0.630327
1834	0.917750	0.621804
1835	0.918845	0.631392
1836	0.922496	0.637784
1837	0.920563	0.619673
1838	0.924092	0.621449
1839	0.930987	0.622869
1840	0.934620	0.618963
1841	0.926667	0.624645
1842	0.922084	0.630682
1843	0.922595	0.631037
1844	0.924950	0.623224
1845	0.920664	0.618253
1846	0.918249	0.629261
1847	0.923554	0.629616
1848	0.924441	0.621449
1849	0.927404	0.616122
1850	0.934349	0.611506
1851	0.925771	0.622159
1852	0.926758	0.621449
1853	0.920613	0.620384
1854	0.931712	0.619673
1855	0.922487	0.623224
1856	0.917883	0.623224
1857	0.921814	0.629972
1858	0.920793	0.629616
1859	0.917254	0.630682
1860	0.930249	0.623580
1861	0.932799	0.615412
1862	0.925058	0.626776
1863	0.923523	0.625355
1864	0.928965	0.627486
1865	0.925673	0.623935
1866	0.918997	0.624290
1867	0.917696	0.624645
1868	0.922457	0.627486
1869	0.924665	0.618963
1870	0.918912	0.622514
1871	0.924020	0.616832
1872	0.936714	0.621449
1873	0.925787	0.626420
1874	0.924908	0.621804
1875	0.922052	0.628196
1876	0.922140	0.618253
1877	0.918598	0.615767
1878	0.914745	0.633878
1879	0.920402	0.632102
1880	0.921498	0.626065
1881	0.924561	0.622159
1882	0.920354	0.629616
1883	0.916647	0.628906
1884	0.919897	0.625355
1885	0.916056	0.631392
1886	0.921195	0.619673
1887	0.927544	0.619673
1888	0.937711	0.624290
1889	0.933106	0.616122
1890	0.929011	0.626420
1891	0.921043	0.629616
1892	0.938622	0.623580
1893	0.934842	0.616832
1894	0.923659	0.620739
1895	0.918086	0.622159
1896	0.923130	0.623935
1897	0.918738	0.623580
1898	0.921712	0.638849
1899	0.921473	0.625000
1900	0.919571	0.633168
1901	0.916779	0.626065
1902	0.922645	0.626420
1903	0.920554	0.627841
1904	0.921186	0.627841
1905	0.919200	0.632457
1906	0.913385	0.631037
1907	0.926364	0.627131
1908	0.924064	0.627131
1909	0.924974	0.632457
1910	0.921500	0.628196
1911	0.928442	0.616832
1912	0.925839	0.614702
1913	0.916471	0.633168
1914	0.918700	0.624645
1915	0.922870	0.627486
1916	0.919790	0.635653
1917	0.919142	0.622159
1918	0.922166	0.627486
1919	0.922110	0.622869
1920	0.931213	0.621094
1921	0.925226	0.626420
1922	0.920683	0.624645
1923	0.923293	0.627131
1924	0.916140	0.626776
1925	0.921106	0.631037
1926	0.923487	0.625000
1927	0.923218	0.622159
1928	0.922766	0.622159
1929	0.921599	0.627131
1930	0.923128	0.628906
1931	0.933521	0.620028
1932	0.923391	0.622514
1933	0.923217	0.620739
1934	0.922473	0.621449
1935	0.922505	0.627131
1936	0.925778	0.622514
1937	0.919425	0.640980
1938	0.918709	0.621804
1939	0.918957	0.624290
1940	0.918876	0.631747
1941	0.919037	0.620384
1942	0.924184	0.626776
1943	0.937292	0.605469
1944	0.927205	0.624645
1945	0.931702	0.623224
1946	0.920703	0.619673
1947	0.919154	0.618608
1948	0.920999	0.626065
1949	0.922370	0.622159
1950	0.920901	0.625000
1951	0.918434	0.617898
1952	0.915018	0.637429
1953	0.918706	0.626420
1954	0.918568	0.629616
1955	0.932966	0.618963
1956	0.933751	0.622869
1957	0.928825	0.616122
1958	0.927054	0.623224
1959	0.923038	0.628196
1960	0.918304	0.622514
1961	0.921280	0.634943
1962	0.917646	0.622869
1963	0.918963	0.627131
1964	0.925423	0.625355
1965	0.922502	0.624290
1966	0.918861	0.616477
1967	0.923136	0.626420
1968	0.922958	0.623935
1969	0.925587	0.623224
1970	0.919866	0.629616
1971	0.911347	0.623935
1972	0.921826	0.630327
1973	0.919649	0.618963
1974	0.919591	0.624290
1975	0.923533	0.615767
1976	0.924155	0.626065
1977	0.934845	0.616477
1978	0.924894	0.623224
1979	0.929426	0.623935
1980	0.910106	0.633168
1981	0.910995	0.628551
1982	0.918014	0.631747
1983	0.921269	0.629972
1984	0.913758	0.629261
1985	0.922832	0.625710
1986	0.932805	0.617898
1987	0.935585	0.619318
1988	0.920402	0.623935
1989	0.919003	0.625355
1990	0.916389	0.629616
1991	0.923871	0.624290
1992	0.920368	0.626065
1993	0.922358	0.621804
1994	0.928275	0.622869
1995	0.922283	0.627486
1996	0.917050	0.623935
1997	0.915402	0.630682
1998	0.914381	0.622514
1999	0.923899	0.620384
2000	0.923002	0.626776
2001	0.920345	0.624645
2002	0.921897	0.619673
2003	0.920857	0.620384
2004	0.919770	0.616832
2005	0.920156	0.628551
2006	0.915798	0.623224
2007	0.919604	0.628196
2008	0.929300	0.618963
2009	0.929922	0.617543
2010	0.924817	0.620028
2011	0.926296	0.622159
2012	0.919596	0.626776
2013	0.918422	0.621804
2014	0.931134	0.628196
2015	0.923834	0.618253
2016	0.923878	0.625710
2017	0.915126	0.625000
2018	0.922930	0.620028
2019	0.919741	0.617188
2020	0.923388	0.614702
2021	0.917532	0.627131
2022	0.915091	0.625000
2023	0.917490	0.629972
2024	0.920936	0.627841
2025	0.920336	0.620739
2026	0.927640	0.621094
2027	0.922710	0.624645
2028	0.917248	0.628906
2029	0.919954	0.624290
2030	0.919767	0.619318
2031	0.921238	0.626065
2032	0.923143	0.619673
2033	0.941026	0.616477
2034	1.005787	0.617188
2035	0.963994	0.611506
2036	0.931780	0.622869
2037	0.923944	0.633168
2038	0.920473	0.627131
2039	0.918186	0.629616
2040	0.917016	0.626420
2041	0.926219	0.617898
2042	0.921301	0.623580
2043	0.914448	0.629261
2044	0.914841	0.634943
2045	0.922461	0.622159
2046	0.918930	0.628906
2047	0.917763	0.617188
2048	0.921167	0.631037
2049	0.918318	0.626065
2050	0.915610	0.623580
2051	0.916658	0.633523
2052	0.918157	0.624290
2053	0.919042	0.622514
2054	0.915744	0.632102
2055	0.913301	0.628906
2056	0.921096	0.624290
2057	0.914640	0.629261
2058	0.919440	0.626420
2059	0.914616	0.621449
2060	0.919105	0.621804
2061	0.920634	0.619673
2062	0.929635	0.621094
2063	0.923853	0.624645
2064	0.918616	0.626065
2065	0.919502	0.627131
2066	0.920820	0.629972
2067	0.920748	0.625000
2068	0.919533	0.624645
2069	0.916537	0.622514
2070	0.914874	0.625710
2071	0.913460	0.628906
2072	0.921462	0.624290
2073	0.919717	0.623935
2074	0.923004	0.622869
2075	0.935432	0.616477
2076	0.924894	0.621449
2077	0.927561	0.626776
2078	0.917366	0.626065
2079	0.913793	0.634588
2080	0.916512	0.625710
2081	0.917526	0.625000
2082	0.921620	0.623580
2083	0.919796	0.626420
2084	0.917696	0.622514
2085	0.931122	0.618608
2086	0.919395	0.619673
2087	0.920309	0.622514
2088	0.920940	0.624290
2089	0.923972	0.622869
2090	0.920619	0.620384
2091	0.921086	0.623224
2092	0.921606	0.625710
2093	0.931901	0.623580
2094	0.921597	0.616477
2095	0.923664	0.619673
2096	0.918475	0.631392
2097	0.922108	0.627131
2098	0.914022	0.631392
2099	0.911624	0.631037
2100	0.914076	0.634588
2101	0.920712	0.622159
2102	0.922162	0.631037
2103	0.929463	0.620384
2104	0.924498	0.618963
2105	0.914865	0.622514
2106	0.920931	0.627841
2107	0.917730	0.626420
2108	0.918302	0.628906
2109	0.913202	0.629972
2110	0.921242	0.614347
2111	0.911355	0.631037
2112	0.919804	0.628906
2113	0.924967	0.616832
2114	0.930391	0.624645
2115	0.920127	0.621449
2116	0.928288	0.625355
2117	0.918368	0.620384
2118	0.919951	0.619318
2119	0.920965	0.629616
2120	0.919790	0.624645
2121	0.914767	0.625355
2122	0.925479	0.616832
2123	0.922198	0.622159
2124	0.920150	0.625710
2125	0.911076	0.630327
2126	0.918144	0.631747
2127	0.916399	0.626065
2128	0.914043	0.636719
2129	0.911862	0.633878
2130	0.924197	0.632812
2131	0.927362	0.624645
2132	0.923819	0.623580
2133	0.924884	0.621449
2134	0.920510	0.617898
2135	0.918110	0.626776
2136	0.915123	0.626420
2137	0.910973	0.630327
2138	0.933825	0.623935
2139	0.923749	0.622159
2140	0.921969	0.627486
2141	0.918154	0.625710
2142	0.916985	0.621804
2143	0.921806	0.626065
2144	0.915033	0.630682
2145	0.926798	0.615767
2146	0.928317	0.615767
2147	0.926063	0.621094
2148	0.925845	0.613636
2149	0.920781	0.617543
2150	1.002078	0.606534
2151	0.990694	0.608665
2152	0.933820	0.626065
2153	0.926752	0.622869
2154	0.917611	0.623580
2155	0.921074	0.623224
2156	0.913700	0.625000
2157	0.924448	0.627486
2158	0.923078	0.618608
2159	0.919061	0.622869
2160	0.919749	0.627841
2161	0.918246	0.637074
2162	0.916595	0.623224
2163	0.915128	0.631037
2164	0.914380	0.628906
2165	0.916002	0.630682
2166	0.908988	0.627486
2167	0.915278	0.626420
2168	0.920888	0.626420
2169	0.920996	0.613281
2170	0.920027	0.628551
2171	0.920079	0.619318
2172	0.915474	0.625000
2173	0.917944	0.625000
2174	0.917295	0.628196
2175	0.914914	0.627486
2176	0.921202	0.622514
2177	0.918288	0.632457
2178	0.924216	0.623224
2179	0.921378	0.629261
2180	0.918459	0.625000
2181	0.916959	0.622514
2182	0.917838	0.620028
2183	0.924378	0.614702
2184	0.925759	0.631392
2185	0.928300	0.627841
2186	0.919257	0.622514
2187	0.913996	0.626065
2188	0.919490	0.621804
2189	0.921475	0.625710
2190	0.917434	0.627131
2191	0.918306	0.614347
2192	0.914898	0.627486
2193	0.918176	0.622514
2194	0.920448	0.624290
2195	0.919843	0.619673
2196	0.919346	0.632102
2197	0.921076	0.626420
2198	0.929689	0.611506
2199	0.923115	0.622869
2200	0.918199	0.633878
2201	0.914339	0.625710
2202	0.917585	0.622514
2203	0.917872	0.621804
2204	0.923302	0.623935
2205	0.921025	0.626420
2206	0.920111	0.625000
2207	0.924112	0.626420
2208	0.915461	0.626776
2209	0.918632	0.622514
2210	0.916494	0.628196
2211	0.917739	0.622869
2212	0.915544	0.625000
2213	0.920824	0.622869
2214	0.915720	0.624290
2215	0.916799	0.622869
2216	0.919484	0.620739
2217	0.923979	0.629261
2218	0.921947	0.624290
2219	0.918609	0.620384
2220	0.931500	0.618963
2221	0.927335	0.617898
2222	0.920949	0.627486
2223	0.920334	0.619673
2224	0.914841	0.628551
2225	0.918617	0.624645
2226	0.918012	0.624645
2227	0.914679	0.629261
2228	0.914685	0.631037
2229	0.916486	0.629972
2230	0.919759	0.628906
2231	0.920010	0.626420
2232	0.918596	0.623935
2233	0.924152	0.625355
2234	0.922289	0.624645
2235	0.957584	0.622869
2236	1.001610	0.612216
2237	0.924771	0.629972
2238	0.914905	0.621449
2239	0.912035	0.632457
2240	0.918609	0.625355
2241	0.918663	0.621449
2242	0.916804	0.627841
2243	0.920979	0.620028
2244	0.911059	0.627131
2245	0.919942	0.625000
2246	0.918431	0.629972
2247	0.913238	0.629261
2248	0.914574	0.629261
2249	0.918538	0.625000
2250	0.917943	0.619673
2251	0.916653	0.620384
2252	0.920152	0.616832
2253	0.916299	0.627486
2254	0.915846	0.628196
2255	0.922867	0.623224
2256	0.915945	0.623935
2257	0.915457	0.627486
2258	0.920802	0.625000
2259	0.923517	0.625000
2260	0.914098	0.625355
2261	0.916409	0.632457
2262	0.917050	0.631392
2263	0.915670	0.632102
2264	0.916491	0.621449
2265	0.927136	0.621094
2266	0.919452	0.620384
2267	0.918812	0.626065
2268	0.919606	0.616832
2269	0.908171	0.635653
2270	0.915624	0.625000
2271	0.922028	0.626420
2272	0.923528	0.621449
2273	0.921636	0.632812
2274	0.913568	0.625710
2275	0.910028	0.624645
2276	0.923568	0.622869
2277	0.919380	0.629616
2278	0.916965	0.612216
2279	0.916103	0.625000
2280	0.917285	0.628196
2281	0.915058	0.622514
2282	0.922706	0.623580
2283	0.927061	0.622159
2284	0.919074	0.623935
2285	0.918676	0.623224
2286	0.919071	0.621094
2287	0.913108	0.628906
2288	0.917950	0.633168
2289	0.913595	0.626065
2290	0.915707	0.623224
2291	0.918704	0.624645
2292	0.923620	0.621449
2293	0.923726	0.623224
2294	0.912612	0.622514
2295	0.910561	0.626065
2296	0.915417	0.621449
2297	0.916507	0.628551
2298	0.915459	0.620028
2299	0.916325	0.616122
2300	0.919155	0.628551
2301	0.911579	0.624645
2302	0.913720	0.615412
2303	0.923588	0.629261
2304	0.923330	0.623935
2305	0.920662	0.626065
2306	0.918980	0.626420
2307	0.924844	0.616477
2308	0.921130	0.622514
2309	0.915205	0.631037
2310	0.918612	0.628906
2311	0.914150	0.631037
2312	0.921395	0.623224
2313	0.911575	0.632812
2314	0.918165	0.621094
2315	0.910028	0.635298
2316	0.917876	0.622159
2317	0.911114	0.621804
2318	0.917826	0.625355
2319	0.924746	0.623935
2320	0.918456	0.625355
2321	0.913324	0.632457
2322	0.952380	0.613636
2323	0.937127	0.622159
2324	0.919336	0.621804
2325	0.913436	0.632102
2326	0.913548	0.626420
2327	0.916439	0.627131
2328	0.915217	0.626420
2329	0.915105	0.622159
2330	0.921308	0.626065
2331	0.918026	0.620739
2332	0.910677	0.628551
2333	0.919863	0.622869
2334	0.907478	0.636009
2335	0.915830	0.617898
2336	0.915607	0.625710
2337	0.921613	0.623224
2338	0.920625	0.621449
2339	0.912247	0.631747
2340	0.911935	0.627486
2341	0.917990	0.621449
2342	0.912768	0.633168
2343	0.917945	0.625710
2344	0.919188	0.627131
2345	0.923343	0.623580
2346	0.920519	0.626065
2347	0.912641	0.624645
2348	0.907715	0.631037
2349	0.916009	0.628551
2350	0.911332	0.626065
2351	0.906827	0.627841
2352	0.912302	0.623580
2353	0.918895	0.625000
2354	0.916815	0.627131
2355	0.924173	0.619673
2356	0.925102	0.624645
2357	0.925457	0.626065
2358	0.911247	0.620384
2359	0.915999	0.623224
2360	0.913175	0.621804
2361	0.911043	0.630327
2362	0.920532	0.630327
2363	0.917340	0.619673
2364	0.917052	0.620739
2365	0.911899	0.623935
2366	0.909211	0.630682
2367	0.911575	0.625355
2368	0.916774	0.627841
2369	0.910086	0.632457
2370	0.916661	0.629972
2371	0.925063	0.622869
2372	0.928333	0.625710
2373	0.922193	0.626420
2374	0.915207	0.623935
2375	0.928656	0.624290
2376	0.920663	0.627131
2377	0.909748	0.628196
2378	0.915411	0.623935
2379	0.910336	0.627131
2380	0.912329	0.622514
2381	0.910880	0.631747
2382	0.912600	0.626065
2383	0.916745	0.627486
2384	0.918770	0.623935
2385	0.923131	0.628196
2386	0.920199	0.621094
2387	0.914013	0.626420
2388	0.906082	0.631392
2389	0.908279	0.631747
2390	0.916471	0.627486
2391	0.915899	0.621804
2392	0.914519	0.621449
2393	0.918535	0.626065
2394	0.911128	0.625000
2395	0.909772	0.633878
2396	0.914683	0.625000
2397	0.908731	0.622514
2398	0.914827	0.620739
2399	0.910243	0.625710
2400	0.919162	0.621804
2401	0.920315	0.619673
2402	0.917810	0.622514
2403	0.920081	0.625000
2404	0.908276	0.623580
2405	0.909374	0.626776
2406	0.906270	0.628906
2407	0.911996	0.625000
2408	0.912459	0.631037
2409	0.909163	0.634943
2410	0.948033	0.629972
2411	0.913349	0.634588
2412	0.926232	0.620739
2413	0.923322	0.617898
2414	0.907415	0.623935
2415	0.911648	0.625000
2416	0.906842	0.622159
2417	0.908363	0.627131
2418	0.908778	0.628196
2419	0.913427	0.616477
2420	0.904870	0.626776
2421	0.919631	0.620384
2422	0.926858	0.620028
2423	0.915041	0.624290
2424	0.914780	0.616122
2425	0.920230	0.616122
2426	0.914560	0.623224
2427	0.914653	0.637074
2428	0.914338	0.625000
2429	0.914662	0.625355
2430	0.913676	0.628906
2431	0.916316	0.632102
2432	0.909876	0.623935
2433	0.916725	0.621804
2434	0.920011	0.629972
2435	0.925882	0.617543
2436	0.910201	0.629972
2437	0.913288	0.627131
2438	0.916806	0.618963
2439	0.916664	0.622869
2440	0.909376	0.627841
2441	0.910345	0.626776
2442	0.906676	0.623935
2443	0.914194	0.625000
2444	0.912655	0.624645
2445	0.914556	0.631037
2446	0.913011	0.620384
2447	0.920973	0.619318
2448	0.921085	0.632457
2449	0.916554	0.619673
2450	0.907145	0.620028
2451	0.905511	0.631037
2452	0.914106	0.624290
2453	0.915566	0.635298
2454	0.915399	0.618253
2455	0.926048	0.622514
2456	0.907240	0.621449
2457	0.909533	0.628906
2458	0.907996	0.625710
2459	0.902075	0.620739
2460	0.901964	0.627841
2461	0.913408	0.630682
2462	0.906227	0.628551
2463	0.922376	0.617188
2464	0.911537	0.624645
2465	0.910450	0.630327
2466	0.913604	0.623580
2467	0.915756	0.621804
2468	0.907003	0.615057
2469	0.904278	0.633878
2470	0.907746	0.626420
2471	0.904491	0.627486
2472	0.916050	0.614702
2473	0.917856	0.623224
2474	0.912787	0.626776
2475	0.909048	0.624645
2476	0.905529	0.631392
2477	0.904420	0.631747
2478	0.912122	0.627486
2479	0.922100	0.625000
2480	0.910767	0.621094
2481	0.898195	0.632457
2482	0.904783	0.626420
2483	0.914855	0.624290
2484	0.917788	0.633168
2485	0.905518	0.629616
2486	0.914924	0.628196
2487	0.916984	0.621094
2488	0.911402	0.627486
2489	0.898628	0.625710
2490	0.908406	0.621094
2491	0.898453	0.639205
2492	0.903591	0.631747
2493	0.902613	0.635653
2494	0.900257	0.624645
2495	0.902128	0.618963
2496	0.918440	0.619673
2497	0.904236	0.624290
2498	0.905355	0.622159
2499	0.907137	0.633878
2500	0.908827	0.629616
2501	0.922816	0.620384
2502	0.929837	0.617898
2503	0.917666	0.621804
2504	0.907416	0.632102
2505	0.902897	0.625000
2506	0.898958	0.636364
2507	0.907914	0.631747
2508	0.907251	0.626065
2509	0.903249	0.629261
2510	0.918411	0.625355
2511	0.919244	0.620028
2512	0.909821	0.625000
2513	0.899077	0.639560
2514	0.908087	0.625355
2515	0.911573	0.626065
2516	0.910147	0.625710
2517	0.917312	0.617898
2518	0.904699	0.628551
2519	0.913958	0.625000
2520	0.910296	0.636364
2521	0.900483	0.632102
2522	0.905906	0.629972
2523	0.905549	0.617898
2524	0.900373	0.628551
2525	0.901939	0.631747
2526	0.900010	0.636364
2527	0.902492	0.634233
2528	0.907304	0.630682
2529	0.911368	0.628906
2530	0.904143	0.625355
2531	0.909755	0.626420
2532	0.911694	0.629616
2533	0.919040	0.624645
2534	0.908759	0.632457
2535	0.906765	0.623580
2536	0.908673	0.631392
2537	0.901234	0.632102
2538	0.903599	0.621449
2539	0.904266	0.624290
2540	0.905053	0.627131
2541	0.909294	0.623580
2542	0.909422	0.622514
2543	0.909543	0.624645
2544	0.904857	0.632102
2545	0.899173	0.619318
2546	0.898962	0.631392
2547	0.911427	0.627486
2548	0.908622	0.626420
2549	0.903112	0.624290
2550	0.903297	0.630327
2551	0.906602	0.634588
2552	0.902775	0.629972
2553	0.903455	0.634588
2554	0.906230	0.631037
2555	0.907143	0.634588
2556	0.908760	0.641690
2557	0.905953	0.625355
2558	0.903274	0.625710
2559	0.904621	0.632812
2560	0.914618	0.627131
2561	0.902119	0.632812
2562	0.901283	0.624645
2563	0.903351	0.633168
2564	0.899309	0.623224
2565	0.898503	0.632457
2566	0.901540	0.631747
2567	0.900792	0.627841
2568	0.909147	0.624645
2569	0.905216	0.620384
2570	0.911116	0.627131
2571	0.901309	0.626065
2572	0.908609	0.620739
2573	0.902795	0.636364
2574	0.901775	0.625000
2575	0.897565	0.631747
2576	0.909229	0.629261
2577	0.904677	0.625000
2578	0.898425	0.636719
2579	0.900304	0.628551
2580	0.896982	0.638494
2581	0.903250	0.627131
2582	0.903028	0.628906
2583	0.900168	0.628196
2584	0.896016	0.633878
2585	0.895805	0.640625
2586	0.898110	0.637429
2587	0.901374	0.628196
2588	0.898310	0.625710
2589	0.905075	0.636719
2590	0.896939	0.632457
2591	0.897431	0.634588
2592	0.896026	0.629261
2593	0.906660	0.632457
2594	0.909108	0.627131
2595	0.907227	0.623935
2596	0.914450	0.628906
2597	0.902329	0.627486
2598	0.894067	0.628906
2599	0.894382	0.636364
2600	0.890927	0.628551
2601	0.894785	0.626420
2602	0.896414	0.630682
2603	0.891062	0.630682
2604	0.902863	0.620028
2605	0.901161	0.627131
2606	0.907418	0.631392
2607	0.904902	0.629261
2608	0.897782	0.632812
2609	0.899627	0.629972
2610	0.903482	0.636719
2611	0.905327	0.628196
2612	0.899471	0.629972
2613	0.899225	0.629616
2614	0.891554	0.628196
2615	0.895289	0.631037
2616	0.899444	0.632812
2617	0.901445	0.633878
2618	0.911389	0.626065
2619	0.905703	0.632812
2620	0.899380	0.629261
2621	0.896281	0.629261
2622	0.905325	0.628196
2623	0.885882	0.636009
2624	0.885573	0.627841
2625	0.892860	0.631392
2626	0.905235	0.627486
2627	0.898320	0.627841
2628	0.895500	0.625355
2629	0.887769	0.643466
2630	0.889124	0.631392
2631	0.901399	0.633168
2632	0.907707	0.620028
2633	0.900416	0.625000
2634	0.892682	0.626420
2635	0.890019	0.630682
2636	0.890055	0.635298
2637	0.899401	0.628906
2638	0.903636	0.630327
2639	0.910586	0.630682
2640	0.892349	0.643111
2641	0.890985	0.636719
2642	0.885950	0.633523
2643	0.891497	0.632812
2644	0.895015	0.633878
2645	0.913550	0.625355
2646	0.906300	0.618608
2647	0.903359	0.628196
2648	0.896661	0.622159
2649	0.894666	0.635298
2650	0.899028	0.631037
2651	0.893108	0.631747
2652	0.893832	0.629972
2653	0.892626	0.638849
2654	0.888349	0.635653
2655	0.897473	0.625000
2656	0.893360	0.627131
2657	0.913325	0.632102
2658	0.895810	0.624645
2659	0.896567	0.634233
2660	0.888479	0.626420
2661	0.885009	0.634233
2662	0.882639	0.637784
2663	0.886642	0.642756
2664	0.887868	0.643821
2665	0.891417	0.627131
2666	0.894260	0.633523
2667	0.890923	0.637784
2668	0.890797	0.632812
2669	0.888337	0.638494
2670	0.902685	0.622514
2671	0.906802	0.627131
2672	0.894293	0.625355
2673	0.885020	0.632812
2674	0.884582	0.632457
2675	0.889108	0.632812
2676	0.887149	0.628906
2677	0.886970	0.627486
2678	0.887761	0.632812
2679	0.887298	0.632102
2680	0.893022	0.634588
2681	0.885147	0.632812
2682	0.902690	0.634588
2683	0.889551	0.630327
2684	0.882764	0.628906
2685	0.890336	0.639560
2686	0.917778	0.623224
2687	0.897630	0.626776
2688	0.892474	0.627486
2689	0.893974	0.622159
2690	0.894718	0.634943
2691	0.884726	0.634943
2692	0.889349	0.633168
2693	0.880451	0.639915
2694	0.875143	0.640625
2695	0.883329	0.638849
2696	0.903331	0.626776
2697	0.891128	0.633523
2698	0.875785	0.636719
2699	0.883990	0.629616
2700	0.889815	0.632102
2701	0.886248	0.632812
2702	0.887743	0.629616
2703	0.889185	0.625355
2704	0.905134	0.629261
2705	0.889745	0.629616
2706	0.883255	0.639560
2707	0.881990	0.638494
2708	0.885605	0.638494
2709	0.882905	0.639915
2710	0.884450	0.638139
2711	0.889597	0.631392
2712	0.905296	0.626776
2713	0.881206	0.632102
2714	0.886335	0.641690
2715	0.893254	0.631392
2716	0.885606	0.637784
2717	0.888257	0.637429
2718	0.905550	0.622514
2719	0.885637	0.632812
2720	0.878700	0.633878
2721	0.878608	0.638849
2722	0.874015	0.639915
2723	0.878813	0.638494
2724	0.878048	0.637784
2725	0.894715	0.623224
2726	0.882013	0.638849
2727	0.893828	0.627841
2728	0.889906	0.633168
2729	0.885684	0.629616
2730	0.881997	0.633168
2731	0.880336	0.633168
2732	0.869729	0.640625
2733	0.889790	0.641690
2734	0.894418	0.619673
2735	0.877464	0.638494
2736	0.871867	0.639560
2737	0.882782	0.634588
2738	0.901913	0.630327
2739	0.867579	0.644176
2740	0.879734	0.640980
2741	0.882934	0.638849
2742	0.897287	0.629972
2743	0.890134	0.637429
2744	0.884565	0.631747
2745	0.881747	0.635653
2746	0.875656	0.637074
2747	0.879662	0.639560
2748	0.873799	0.636719
2749	0.873463	0.637429
2750	0.893695	0.634233
2751	0.890555	0.636009
2752	0.883396	0.638139
2753	0.876226	0.639915
2754	0.880914	0.625000
2755	0.883195	0.633523
2756	0.898603	0.634588
2757	0.879397	0.628551
2758	0.885353	0.633878
2759	0.881120	0.632812
2760	0.879383	0.628551
2761	0.873196	0.631747
2762	0.877509	0.632102
2763	0.881399	0.624645
2764	0.875796	0.634588
2765	0.893461	0.638139
2766	0.897580	0.624645
2767	0.876313	0.626065
2768	0.875389	0.633878
2769	0.875291	0.634233
2770	0.878017	0.632812
2771	0.876773	0.640980
2772	0.883015	0.631747
2773	0.889191	0.629972
2774	0.894794	0.630327
2775	0.871525	0.643466
2776	0.875934	0.627486
2777	0.876262	0.634588
2778	0.880619	0.634233
2779	0.877089	0.634233
2780	0.884822	0.637429
2781	0.881760	0.630327
2782	0.886213	0.634233
2783	0.882011	0.631392
2784	0.876545	0.627131
2785	0.873657	0.642045
2786	0.879975	0.632812
2787	0.881203	0.635298
2788	0.886209	0.631747
2789	0.882080	0.647727
2790	0.903206	0.622514
2791	0.874924	0.638849
2792	0.875730	0.636364
2793	0.870490	0.645952
2794	0.866095	0.647017
2795	0.872461	0.635653
2796	0.863787	0.639915
2797	0.871984	0.636719
2798	0.880810	0.640270
2799	0.869715	0.635653
2800	0.886960	0.636009
2801	0.875980	0.644886
2802	0.875460	0.628196
2803	0.892574	0.630327
2804	0.887959	0.628906
2805	0.876261	0.626420
2806	0.879078	0.637429
2807	0.875004	0.629616
2808	0.874795	0.636009
2809	0.874085	0.643466
2810	0.874039	0.636719
2811	0.872209	0.639560
2812	0.875205	0.638139
2813	0.876470	0.645952
2814	0.886400	0.629261
2815	0.871716	0.637429
2816	0.864642	0.643821
2817	0.877138	0.643821
2818	0.866220	0.638139
2819	0.865985	0.632102
2820	0.867821	0.633523
2821	0.867434	0.638494
2822	0.873612	0.637784
2823	0.887292	0.642756
2824	0.891833	0.633168
2825	0.874640	0.637784
2826	0.879957	0.635653
2827	0.874866	0.626065
2828	0.870655	0.638139
2829	0.873589	0.628906
2830	0.881405	0.633168
2831	0.874645	0.629261
2832	0.878325	0.631392
2833	0.874834	0.630682
2834	0.867240	0.639205
2835	0.871027	0.632457
2836	0.875869	0.633878
2837	0.870950	0.635653
2838	0.881837	0.633523
2839	0.866507	0.639560
2840	0.883933	0.638494
2841	0.877042	0.637429
2842	0.873694	0.644176
2843	0.868019	0.642401
2844	0.878879	0.638494
2845	0.884149	0.635653
2846	0.892818	0.625000
2847	0.868989	0.642401
2848	0.864553	0.633168
2849	0.871754	0.640270
2850	0.866807	0.633168
2851	0.864963	0.628906
2852	0.872844	0.639915
2853	0.877218	0.630682
2854	0.864812	0.641335
2855	0.860030	0.633878
2856	0.858194	0.633878
2857	0.864467	0.636364
2858	0.863566	0.642756
2859	0.889231	0.638139
2860	0.912424	0.621804
2861	0.877521	0.633878
2862	0.870839	0.637074
2863	0.867156	0.634233
2864	0.871893	0.640270
2865	0.862554	0.641690
2866	0.863936	0.643821
2867	0.872991	0.629972
2868	0.869800	0.632102
2869	0.863784	0.637074
2870	0.858073	0.637074
2871	0.882274	0.630682
2872	0.904939	0.628196
2873	0.881008	0.638139
2874	0.871339	0.630327
2875	0.875378	0.633523
2876	0.867902	0.634233
2877	0.863559	0.640980
2878	0.864046	0.636009
2879	0.872869	0.639205
2880	0.880282	0.628906
2881	0.869917	0.636719
2882	0.866866	0.640980
2883	0.877427	0.626420
2884	0.880170	0.639560
2885	0.870417	0.642045
2886	0.871952	0.636719
2887	0.875993	0.644531
2888	0.888461	0.631747
2889	0.868923	0.635298
2890	0.866764	0.634588
2891	0.861597	0.638849
2892	0.863752	0.637429
2893	0.858942	0.645597
2894	0.874664	0.640270
2895	0.888322	0.633168
2896	0.884697	0.633523
2897	0.872256	0.638494
2898	0.861941	0.638494
2899	0.868093	0.635298
2900	0.872044	0.639560
2901	0.868789	0.636364
2902	0.860190	0.632457
2903	0.859730	0.637074
2904	0.861666	0.638849
2905	0.871067	0.642401
2906	0.869362	0.638494
2907	0.881556	0.631747
2908	0.889128	0.632102
2909	0.880625	0.631392
2910	0.867586	0.646307
2911	0.869103	0.633523
2912	0.873296	0.634233
2913	0.859208	0.636364
2914	0.871170	0.642756
2915	0.871903	0.632812
2916	0.874036	0.631037
2917	0.872260	0.641690
2918	0.863006	0.641335
2919	0.854189	0.647372
2920	0.866808	0.639205
2921	0.871638	0.636719
2922	0.856076	0.644886
2923	0.870857	0.638849
2924	0.855041	0.638494
2925	0.883164	0.627131
2926	0.867448	0.634943
2927	0.872125	0.639560
2928	0.894303	0.627486
2929	0.869593	0.636364
2930	0.870960	0.631037
2931	0.859124	0.647372
2932	0.858475	0.639205
2933	0.872250	0.637074
2934	0.871628	0.633878
2935	0.877705	0.640625
2936	0.866692	0.638494
2937	0.866211	0.635298
2938	0.859773	0.632812
2939	0.860906	0.637429
2940	0.864408	0.640625
2941	0.876563	0.640980
2942	0.860059	0.645241
2943	0.864399	0.642401
2944	0.871490	0.636009
2945	0.853785	0.642045
2946	0.865549	0.636364
2947	0.861689	0.637074
2948	0.862463	0.630327
2949	0.857138	0.641690
2950	0.863521	0.636009
2951	0.851123	0.640270
2952	0.879797	0.636719
2953	0.873247	0.632812
2954	0.872090	0.638139
2955	0.872299	0.629261
2956	0.878579	0.629261
2957	0.864816	0.634233
2958	0.857411	0.637074
2959	0.862866	0.639205
2960	0.858430	0.633878
2961	0.863711	0.634943
2962	0.863618	0.636009
2963	0.855790	0.634233
2964	0.862191	0.632812
2965	0.890423	0.638139
2966	0.908682	0.621804
2967	0.868985	0.642045
2968	0.866202	0.643466
2969	0.853849	0.653764
2970	0.860071	0.642756
2971	0.849692	0.640980
2972	0.852086	0.644531
2973	0.848864	0.643821
2974	0.856289	0.629261
2975	0.854761	0.642401
2976	0.862545	0.638494
2977	0.862623	0.639560
2978	0.860931	0.633168
2979	0.867934	0.636009
2980	0.879941	0.638849
2981	0.864332	0.633523
2982	0.858780	0.642756
2983	0.863593	0.633168
2984	0.853117	0.632812
2985	0.867696	0.633168
2986	0.860938	0.640625
2987	0.858870	0.642756
2988	0.855151	0.633168
2989	0.865301	0.639205
2990	0.879452	0.638849
2991	0.863941	0.629972
2992	0.852933	0.640625
2993	0.859473	0.637429
2994	0.855948	0.640980
2995	0.854278	0.638494
2996	0.855044	0.640625
2997	0.864626	0.636719
2998	0.894935	0.623580
2999	0.864350	0.634588
3000	0.850953	0.642045
Test result: Loss= 0.850765, Accuracy= 0.64879