########

## 	Model: LSTM with N=128

########

1	2.240087	0.049479
2	2.228231	0.055266
3	2.219948	0.056713
4	2.218057	0.056713
5	2.213765	0.054398
6	2.207820	0.059896
7	2.205036	0.065972
8	2.196941	0.074074
9	2.190328	0.067998
10	2.186328	0.081019
11	2.182819	0.099537
12	2.173637	0.140914
13	2.164749	0.200231
14	2.155664	0.224826
15	2.147284	0.258970
16	2.141184	0.274884
17	2.133528	0.266493
18	2.117140	0.324363
19	2.116926	0.349537
20	2.107440	0.369213
21	2.091466	0.412326
22	2.088409	0.424769
23	2.079123	0.441262
24	2.070415	0.473669
25	2.064681	0.465567
26	2.047703	0.519097
27	2.038571	0.531250
28	2.027594	0.556713
29	2.015868	0.561632
30	2.011269	0.574074
31	2.001324	0.590278
32	1.986135	0.595197
33	1.977106	0.613426
34	1.962650	0.614873
35	1.953965	0.618634
36	1.938628	0.622396
37	1.929329	0.622106
38	1.918756	0.622106
39	1.901119	0.629340
40	1.887030	0.629630
41	1.879729	0.629630
42	1.862277	0.629630
43	1.854411	0.629630
44	1.839559	0.629630
45	1.835075	0.629630
46	1.816863	0.629630
47	1.802003	0.629630
48	1.795340	0.629630
49	1.779545	0.629630
50	1.775851	0.629630
51	1.762749	0.629630
52	1.747189	0.629630
53	1.737197	0.629630
54	1.722886	0.629630
55	1.712111	0.629630
56	1.694987	0.629630
57	1.683704	0.629630
58	1.672381	0.629630
59	1.656866	0.629630
60	1.642525	0.629630
61	1.630230	0.629630
62	1.617847	0.629630
63	1.599969	0.629630
64	1.588984	0.629630
65	1.575217	0.629630
66	1.556663	0.629630
67	1.544944	0.629630
68	1.528374	0.629630
69	1.509531	0.629630
70	1.490342	0.629630
71	1.477896	0.629630
72	1.457109	0.629630
73	1.438466	0.629630
74	1.422506	0.629630
75	1.404886	0.629630
76	1.388358	0.629630
77	1.365782	0.629630
78	1.348484	0.629630
79	1.326385	0.629630
80	1.308145	0.629630
81	1.287782	0.629630
82	1.267535	0.629630
83	1.246610	0.631944
84	1.227970	0.634549
85	1.206564	0.639757
86	1.187087	0.644097
87	1.168032	0.649016
88	1.151051	0.649595
89	1.134204	0.649595
90	1.118750	0.647569
91	1.099523	0.657407
92	1.089544	0.657986
93	1.074343	0.657697
94	1.059559	0.655382
95	1.049019	0.653067
96	1.034602	0.662616
97	1.024085	0.660880
98	1.014900	0.664062
99	1.005919	0.664062
100	0.996334	0.662905
101	0.988050	0.657986
102	0.982148	0.668692
103	0.982425	0.664641
104	1.009499	0.671875
105	1.003526	0.655093
106	1.024643	0.670718
107	0.958204	0.665799
108	0.956098	0.673611
109	0.948757	0.665509
110	0.943809	0.675637
111	0.942038	0.669560
112	0.950094	0.672743
113	0.953897	0.664062
114	0.988672	0.681134
115	0.948004	0.666956
116	0.962162	0.683160
117	0.933385	0.665799
118	0.941442	0.675926
119	0.927690	0.666956
120	0.937306	0.678530
121	0.925444	0.675347
122	0.943416	0.686053
123	0.928036	0.664062
124	0.947234	0.669271
125	0.921324	0.671007
126	0.934310	0.677083
127	0.916044	0.670428
128	0.925147	0.679109
129	0.912205	0.668981
130	0.925515	0.677662
131	0.911445	0.668113
132	0.929868	0.685475
133	0.910665	0.668981
134	0.927761	0.682002
135	0.904895	0.672743
136	0.916833	0.684028
137	0.901375	0.669271
138	0.913509	0.682870
139	0.899002	0.671296
140	0.912032	0.684896
141	0.897502	0.671296
142	0.908197	0.686921
143	0.898599	0.682870
144	0.915362	0.682581
145	0.895095	0.671586
146	0.909827	0.681424
147	0.890632	0.673611
148	0.899540	0.683738
149	0.887086	0.670139
150	0.898257	0.679977
151	0.887832	0.671875
152	0.901650	0.683160
153	0.888900	0.670428
154	0.901460	0.680845
155	0.884292	0.675926
156	0.894835	0.684317
157	0.879567	0.669271
158	0.887780	0.681424
159	0.876010	0.671296
160	0.884157	0.682581
161	0.877639	0.673611
162	0.890822	0.687211
163	0.883860	0.675058
164	0.899061	0.686632
165	0.879377	0.673322
166	0.884087	0.683738
167	0.871015	0.676505
168	0.876855	0.679398
169	0.868181	0.666667
170	0.874950	0.682870
171	0.869528	0.672164
172	0.879833	0.680266
173	0.872499	0.667535
174	0.885898	0.680845
175	0.872211	0.672454
176	0.877277	0.681424
177	0.866228	0.673900
178	0.869066	0.683738
179	0.861477	0.677373
180	0.868496	0.686632
181	0.862453	0.682002
182	0.870107	0.686053
183	0.865291	0.676505
184	0.873805	0.687211
185	0.863389	0.674769
186	0.868812	0.686632
187	0.861204	0.677083
188	0.864672	0.684606
189	0.856671	0.678530
190	0.861065	0.681713
191	0.857399	0.672743
192	0.862296	0.682292
193	0.857830	0.677951
194	0.866371	0.681424
195	0.858931	0.676215
196	0.862486	0.683449
197	0.854921	0.675926
198	0.856725	0.681713
199	0.849624	0.681713
200	0.852445	0.686343
201	0.848328	0.671875
202	0.852794	0.686632
203	0.849045	0.667245
204	0.854179	0.690104
205	0.849011	0.675637
206	0.855171	0.684317
207	0.853336	0.669850
208	0.860867	0.679109
209	0.853750	0.674479
210	0.850706	0.687500
211	0.840427	0.672454
212	0.841593	0.705440
213	0.836985	0.686053
214	0.838720	0.688079
215	0.838094	0.687789
216	0.844798	0.686921
217	0.845736	0.681713
218	0.852188	0.691262
219	0.842766	0.674190
220	0.846074	0.693576
221	0.852631	0.673032
222	0.867474	0.676794
223	0.826968	0.688657
224	0.814164	0.698785
225	0.813667	0.698785
226	0.816370	0.708623
227	0.832391	0.679109
228	0.879396	0.672164
229	0.861725	0.679688
230	0.864924	0.693576
231	0.841398	0.673322
232	0.839605	0.682870
233	0.810023	0.696181
234	0.802921	0.700810
235	0.797775	0.708333
236	0.800392	0.694444
237	0.804409	0.692130
238	0.803231	0.695023
239	0.794638	0.702546
240	0.825146	0.692419
241	0.831534	0.685764
242	0.813390	0.699363
243	0.800085	0.705729
244	0.850464	0.678241
245	0.858506	0.692419
246	0.869284	0.664352
247	0.875250	0.684896
248	0.877884	0.665799
249	0.791805	0.700231
250	0.782887	0.720775
251	0.776016	0.715567
252	0.778455	0.717593
253	0.785815	0.699653
254	0.793982	0.705150
255	0.783289	0.706597
256	0.772774	0.706019
257	0.763166	0.719907
258	0.763728	0.716146
259	0.798235	0.694444
260	0.823916	0.700521
261	0.788271	0.705440
262	0.797951	0.696470
263	0.802225	0.712674
264	0.808896	0.698785
265	0.820394	0.702836
266	0.797487	0.701100
267	0.859770	0.676794
268	0.860513	0.695891
269	0.844686	0.690394
270	0.758326	0.718171
271	0.756930	0.725116
272	0.754343	0.712963
273	0.756365	0.721644
274	0.790840	0.702257
275	0.774359	0.708333
276	0.775937	0.710938
277	0.771106	0.710069
278	0.796072	0.706597
279	0.770523	0.708333
280	0.763200	0.717014
281	0.776475	0.711806
282	0.763695	0.711516
283	0.769188	0.717303
284	0.755960	0.720775
285	0.795882	0.717303
286	0.788947	0.709201
287	0.817328	0.695023
288	0.803625	0.704861
289	0.773359	0.723380
290	0.745949	0.716146
291	0.746444	0.723380
292	0.750880	0.719618
293	0.767692	0.714410
294	0.752395	0.717882
295	0.754703	0.719618
296	0.771078	0.712095
297	0.793898	0.703414
298	0.746327	0.719329
299	0.740477	0.721644
300	0.742059	0.721354
301	0.798380	0.710938
302	0.804404	0.701968
303	0.751102	0.718461
304	0.747041	0.728877
305	0.758602	0.712095
306	0.783785	0.722512
307	0.792321	0.710359
308	0.816636	0.693576
309	0.771634	0.710069
310	0.791284	0.714699
311	0.749208	0.714699
312	0.757378	0.716725
313	0.736530	0.728877
314	0.735796	0.725984
315	0.731256	0.719618
316	0.731936	0.732350
317	0.739414	0.728877
318	0.758357	0.717014
319	0.768394	0.713252
320	0.754802	0.719907
321	0.738638	0.728588
322	0.745775	0.720486
323	0.756774	0.719329
324	0.758972	0.709780
325	0.747432	0.725405
326	0.740594	0.722512
327	0.736556	0.730613
328	0.738300	0.724826
329	0.733019	0.724248
330	0.731926	0.725116
331	0.729928	0.728588
332	0.760139	0.725405
333	0.750865	0.720775
334	0.744469	0.715567
335	0.755180	0.720197
336	0.855826	0.688368
337	0.907881	0.697627
338	0.866271	0.672454
339	0.737161	0.722222
340	0.729148	0.733218
341	0.718038	0.732060
342	0.719375	0.727431
343	0.712644	0.740741
344	0.720059	0.732350
345	0.725826	0.734375
346	0.722952	0.730035
347	0.725851	0.728588
348	0.726642	0.724537
349	0.711186	0.734086
350	0.721317	0.727431
351	0.721904	0.724537
352	0.735887	0.727720
353	0.730157	0.724826
354	0.731636	0.729745
355	0.714190	0.734664
356	0.715003	0.739005
357	0.704287	0.735243
358	0.725888	0.726852
359	0.735655	0.722801
360	0.733617	0.733796
361	0.722693	0.725116
362	0.732657	0.733218
363	0.719945	0.726562
364	0.730831	0.732060
365	0.717681	0.724826
366	0.699179	0.737558
367	0.715508	0.728009
368	0.731416	0.725116
369	0.732905	0.722801
370	0.730337	0.729745
371	0.754491	0.720197
372	0.820305	0.704861
373	0.947839	0.690972
374	0.826028	0.694734
375	0.718216	0.724248
376	0.705938	0.740451
377	0.705948	0.735532
378	0.699687	0.737847
379	0.697106	0.739583
380	0.702013	0.737269
381	0.696103	0.736400
382	0.719127	0.725984
383	0.709356	0.731771
384	0.693581	0.738426
385	0.694379	0.737269
386	0.692523	0.742188
387	0.702398	0.738426
388	0.703163	0.740741
389	0.718221	0.729167
390	0.727291	0.734086
391	0.703852	0.742188
392	0.700490	0.732639
393	0.701451	0.730613
394	0.708569	0.732639
395	0.698751	0.735532
396	0.724127	0.725116
397	0.699302	0.730613
398	0.699989	0.732060
399	0.701333	0.731771
400	0.744304	0.717882
401	0.776548	0.718750
402	0.799808	0.701968
403	0.745261	0.721354
404	0.728143	0.730903
405	0.696084	0.736111
406	0.689818	0.739873
407	0.681372	0.742477
408	0.693320	0.737269
409	0.711211	0.732060
410	0.707381	0.730903
411	0.694207	0.741030
412	0.685242	0.736111
413	0.704852	0.735243
414	0.691305	0.737847
415	0.708309	0.733218
416	0.700643	0.732350
417	0.717496	0.732928
418	0.686860	0.735822
419	0.695115	0.737558
420	0.698441	0.735822
421	0.687508	0.738715
422	0.689407	0.742766
423	0.687576	0.742188
424	0.723154	0.730324
425	0.726975	0.737269
426	0.700758	0.736979
427	0.702734	0.734086
428	0.693620	0.738426
429	0.682294	0.734954
430	0.721334	0.734375
431	0.821985	0.712963
432	0.807440	0.696759
433	0.733721	0.718461
434	0.705648	0.741030
435	0.676422	0.743056
436	0.680236	0.737269
437	0.670708	0.749711
438	0.677994	0.739873
439	0.704275	0.735822
440	0.685413	0.740162
441	0.673252	0.743924
442	0.668541	0.746238
443	0.676590	0.740162
444	0.669445	0.748553
445	0.679172	0.739583
446	0.692927	0.732350
447	0.686393	0.742477
448	0.687394	0.739583
449	0.695801	0.735243
450	0.703901	0.737269
451	0.676252	0.749132
452	0.692045	0.735532
453	0.694918	0.737847
454	0.678887	0.741609
455	0.668547	0.747975
456	0.691091	0.736690
457	0.694818	0.740741
458	0.687293	0.735243
459	0.683772	0.737847
460	0.685446	0.738426
461	0.683057	0.737558
462	0.689615	0.739005
463	0.686298	0.739005
464	0.690629	0.740451
465	0.725159	0.723090
466	0.785687	0.703414
467	0.817324	0.708044
468	0.712912	0.735532
469	0.682166	0.735532
470	0.675894	0.744502
471	0.654123	0.748553
472	0.668576	0.746238
473	0.674319	0.743634
474	0.661655	0.741898
475	0.664584	0.744213
476	0.671582	0.740741
477	0.670180	0.747396
478	0.669812	0.743345
479	0.667978	0.745370
480	0.677134	0.739873
481	0.679238	0.734664
482	0.669321	0.740451
483	0.676139	0.734664
484	0.696041	0.735532
485	0.673118	0.744502
486	0.665360	0.741898
487	0.666936	0.740451
488	0.669744	0.742188
489	0.672899	0.743924
490	0.677797	0.738137
491	0.671435	0.738137
492	0.666824	0.743056
493	0.664600	0.745370
494	0.674022	0.738137
495	0.673609	0.744502
496	0.666270	0.744502
497	0.669432	0.747975
498	0.680769	0.734954
499	0.680974	0.744502
500	0.671307	0.739005
501	0.692613	0.739583
502	0.703654	0.730613
503	0.766586	0.704282
504	0.809344	0.717014
505	0.737231	0.724826
506	0.671278	0.742477
507	0.666536	0.744502
508	0.666726	0.743634
509	0.664274	0.741030
510	0.652369	0.752894
511	0.653421	0.745949
512	0.664073	0.742766
513	0.654858	0.750289
514	0.672955	0.739873
515	0.689248	0.738137
516	0.658862	0.743345
517	0.658492	0.748264
518	0.663566	0.747106
519	0.652039	0.751736
520	0.666937	0.738137
521	0.648201	0.751736
522	0.660509	0.746238
523	0.649487	0.743345
524	0.657931	0.739873
525	0.658136	0.745081
526	0.647538	0.746817
527	0.667006	0.739873
528	0.658848	0.744792
529	0.663431	0.743056
530	0.653526	0.744792
531	0.670258	0.747396
532	0.682517	0.732928
533	0.664130	0.746817
534	0.657230	0.743924
535	0.674956	0.738715
536	0.672406	0.736979
537	0.674723	0.741030
538	0.684736	0.740162
539	0.668215	0.741319
540	0.656237	0.743056
541	0.654678	0.749421
542	0.673034	0.738426
543	0.661428	0.740451
544	0.672282	0.746817
545	0.713015	0.731771
546	0.765092	0.710069
547	0.749423	0.727720
548	0.715138	0.732639
549	0.655221	0.742188
550	0.646450	0.746817
551	0.650525	0.752315
552	0.645860	0.747106
553	0.648127	0.750868
554	0.652075	0.747975
555	0.640208	0.752604
556	0.642702	0.752315
557	0.649006	0.745660
558	0.657038	0.742766
559	0.642823	0.746817
560	0.641810	0.752315
561	0.648450	0.747106
562	0.652425	0.743924
563	0.649839	0.746238
564	0.658771	0.743634
565	0.655648	0.743924
566	0.658207	0.742477
567	0.645832	0.744502
568	0.638478	0.748553
569	0.648125	0.746238
570	0.647304	0.745081
571	0.643800	0.743924
572	0.658562	0.746238
573	0.634612	0.755208
574	0.656827	0.743056
575	0.682168	0.736979
576	0.656420	0.741609
577	0.651653	0.742188
578	0.657660	0.746528
579	0.642343	0.750579
580	0.643680	0.750289
581	0.652367	0.749132
582	0.648540	0.746817
583	0.654314	0.741609
584	0.645956	0.743056
585	0.638459	0.751157
586	0.653116	0.746528
587	0.660182	0.748843
588	0.660419	0.737558
589	0.643850	0.747106
590	0.658746	0.741030
591	0.644386	0.745660
592	0.659028	0.746238
593	0.667053	0.739583
594	0.691987	0.733507
595	0.708635	0.738137
596	0.696403	0.737269
597	0.642662	0.747975
598	0.637125	0.751157
599	0.624797	0.752894
600	0.637286	0.750868
601	0.641646	0.747975
602	0.647879	0.745949
603	0.635611	0.749132
604	0.630600	0.752025
605	0.628042	0.751447
606	0.630298	0.751157
607	0.635028	0.749711
608	0.641466	0.747685
609	0.628407	0.756944
610	0.635193	0.745370
611	0.648200	0.747396
612	0.654374	0.741030
613	0.648764	0.747396
614	0.646924	0.747396
615	0.637485	0.745949
616	0.636676	0.746817
617	0.636293	0.750868
618	0.632439	0.751447
619	0.624115	0.756655
620	0.631639	0.750000
621	0.639465	0.744502
622	0.643271	0.748843
623	0.648835	0.745660
624	0.626412	0.757523
625	0.628694	0.754051
626	0.636183	0.751447
627	0.651874	0.745370
628	0.626696	0.750289
629	0.625351	0.751736
630	0.643062	0.750289
631	0.635786	0.748843
632	0.620864	0.753472
633	0.623605	0.752894
634	0.662647	0.739005
635	0.639557	0.754630
636	0.628834	0.750579
637	0.627380	0.756076
638	0.633986	0.747106
639	0.631896	0.748264
640	0.629186	0.750868
641	0.623344	0.755208
642	0.639391	0.748264
643	0.633239	0.754630
644	0.621620	0.753762
645	0.620746	0.752025
646	0.634935	0.746238
647	0.622838	0.754919
648	0.621220	0.753472
649	0.620998	0.748553
650	0.631890	0.752315
651	0.656824	0.732060
652	0.700763	0.731481
653	0.802553	0.719039
654	0.672679	0.742766
655	0.621819	0.755787
656	0.613629	0.759838
657	0.608566	0.757523
658	0.607388	0.759549
659	0.598615	0.766782
660	0.619601	0.754051
661	0.616727	0.755208
662	0.618691	0.754051
663	0.615721	0.757523
664	0.624117	0.755787
665	0.600058	0.764757
666	0.606547	0.765914
667	0.615774	0.760127
668	0.629811	0.750289
669	0.614634	0.760417
670	0.601979	0.756944
671	0.614004	0.754919
672	0.614883	0.756076
673	0.627029	0.749421
674	0.615802	0.752604
675	0.603891	0.760706
676	0.602804	0.758391
677	0.619958	0.753472
678	0.619109	0.757812
679	0.620940	0.751736
680	0.606792	0.762153
681	0.613208	0.754340
682	0.615829	0.757234
683	0.619351	0.756944
684	0.643390	0.743924
685	0.601712	0.753762
686	0.591704	0.764757
687	0.598322	0.761863
688	0.616570	0.750579
689	0.622753	0.755498
690	0.611763	0.759838
691	0.620326	0.760706
692	0.632097	0.741898
693	0.625847	0.754919
694	0.610713	0.759549
695	0.619250	0.752604
696	0.597982	0.754919
697	0.607433	0.757812
698	0.597024	0.759259
699	0.605317	0.757812
700	0.605337	0.755498
701	0.624273	0.756366
702	0.617025	0.757234
703	0.612026	0.752894
704	0.608520	0.757234
705	0.600304	0.758102
706	0.624205	0.746238
707	0.616072	0.758681
708	0.604691	0.757234
709	0.593999	0.762731
710	0.609867	0.758391
711	0.604942	0.756655
712	0.596290	0.758681
713	0.583923	0.758391
714	0.583791	0.765046
715	0.593782	0.759259
716	0.608789	0.760127
717	0.602624	0.756944
718	0.589817	0.765336
719	0.614314	0.757812
720	0.645761	0.750000
721	0.623403	0.754340
722	0.611716	0.763021
723	0.607585	0.758391
724	0.585454	0.757523
725	0.590807	0.760127
726	0.604807	0.760706
727	0.597003	0.761863
728	0.578846	0.762731
729	0.592912	0.758681
730	0.605436	0.760127
731	0.596123	0.762153
732	0.594845	0.760995
733	0.580628	0.771123
734	0.591526	0.765625
735	0.587748	0.759838
736	0.610425	0.755787
737	0.600207	0.758391
738	0.597768	0.760995
739	0.579844	0.767072
740	0.584731	0.762731
741	0.587503	0.764178
742	0.574127	0.766493
743	0.596885	0.765336
744	0.600779	0.763600
745	0.591172	0.765336
746	0.593027	0.765046
747	0.583065	0.765625
748	0.586391	0.767650
749	0.599366	0.758391
750	0.582597	0.766204
751	0.585464	0.763310
752	0.587886	0.759838
753	0.618437	0.754919
754	0.602613	0.755208
755	0.583205	0.763310
756	0.583270	0.765625
757	0.594279	0.758681
758	0.597772	0.760417
759	0.582596	0.773727
760	0.571794	0.770544
761	0.585026	0.761863
762	0.578381	0.770255
763	0.590765	0.759259
764	0.595839	0.754051
765	0.581952	0.763600
766	0.573745	0.765914
767	0.570981	0.768229
768	0.590243	0.763021
769	0.572453	0.765046
770	0.603268	0.752025
771	0.585998	0.762442
772	0.565984	0.772859
773	0.562748	0.767940
774	0.569692	0.770544
775	0.573092	0.768519
776	0.574240	0.767650
777	0.573842	0.767650
778	0.613543	0.754051
779	0.576813	0.765046
780	0.572231	0.766493
781	0.557180	0.775752
782	0.582052	0.769097
783	0.586887	0.761574
784	0.573080	0.764178
785	0.576331	0.764757
786	0.598465	0.758102
787	0.565819	0.769097
788	0.575337	0.766493
789	0.565636	0.770255
790	0.565897	0.770255
791	0.576045	0.770255
792	0.571960	0.770255
793	0.572549	0.766204
794	0.567413	0.773438
795	0.573430	0.760127
796	0.563438	0.774016
797	0.566119	0.769676
798	0.576008	0.765046
799	0.587322	0.759838
800	0.572011	0.763889
801	0.559687	0.777778
802	0.572732	0.769387
803	0.564902	0.771123
804	0.564167	0.768229
805	0.575552	0.765046
806	0.577236	0.763600
807	0.575691	0.763310
808	0.563962	0.771412
809	0.559417	0.763889
810	0.567809	0.764178
811	0.567822	0.763310
812	0.565343	0.770255
813	0.579893	0.765914
814	0.576891	0.769097
815	0.578530	0.768229
816	0.585714	0.762442
817	0.557854	0.768808
818	0.558383	0.772569
819	0.570838	0.766204
820	0.564312	0.773727
821	0.569969	0.771701
822	0.576890	0.770255
823	0.569830	0.769676
824	0.576658	0.767361
825	0.555152	0.778935
826	0.553787	0.770833
827	0.554746	0.777199
828	0.550129	0.774016
829	0.554163	0.771412
830	0.556697	0.769965
831	0.543263	0.784144
832	0.551969	0.777199
833	0.562018	0.770544
834	0.544145	0.779225
835	0.566639	0.767361
836	0.581960	0.765625
837	0.569298	0.764757
838	0.562483	0.770255
839	0.562884	0.775463
840	0.554303	0.769676
841	0.558255	0.774306
842	0.554758	0.770544
843	0.563271	0.766493
844	0.563456	0.773438
845	0.540210	0.774016
846	0.545897	0.771123
847	0.563632	0.768229
848	0.563770	0.766782
849	0.537927	0.779225
850	0.541117	0.779514
851	0.550496	0.768229
852	0.567114	0.771412
853	0.578066	0.760417
854	0.547645	0.771991
855	0.545289	0.770255
856	0.555206	0.773438
857	0.564403	0.760417
858	0.547591	0.771123
859	0.531196	0.783565
860	0.553309	0.771701
861	0.558438	0.773727
862	0.562139	0.767072
863	0.563796	0.769097
864	0.559800	0.768808
865	0.548994	0.772859
866	0.548480	0.767940
867	0.558550	0.768519
868	0.547976	0.774306
869	0.547517	0.774016
870	0.546130	0.782118
871	0.554032	0.766782
872	0.553540	0.774016
873	0.550576	0.778935
874	0.544987	0.775463
875	0.536500	0.782118
876	0.554424	0.768808
877	0.549302	0.775174
878	0.550492	0.771991
879	0.554011	0.772859
880	0.540346	0.779803
881	0.540822	0.777778
882	0.546461	0.775174
883	0.548704	0.773727
884	0.542927	0.775174
885	0.525154	0.778935
886	0.535496	0.776042
887	0.551947	0.773727
888	0.547363	0.767650
889	0.525849	0.782697
890	0.528946	0.783565
891	0.546870	0.775174
892	0.556648	0.777778
893	0.544854	0.774306
894	0.552693	0.776910
895	0.547750	0.772859
896	0.531073	0.780093
897	0.538832	0.777488
898	0.539679	0.777488
899	0.559644	0.769676
900	0.535564	0.779803
901	0.536524	0.780093
902	0.527817	0.779803
903	0.529575	0.775463
904	0.523269	0.783275
905	0.533120	0.774016
906	0.533792	0.774595
907	0.520633	0.782118
908	0.553296	0.769676
909	0.537746	0.770544
910	0.552138	0.771123
911	0.550991	0.767361
912	0.534610	0.775463
913	0.546369	0.770255
914	0.531492	0.775752
915	0.527058	0.777778
916	0.530442	0.776042
917	0.546959	0.771701
918	0.554619	0.769387
919	0.526452	0.783275
920	0.526660	0.780671
921	0.541981	0.774016
922	0.540595	0.774306
923	0.545500	0.767072
924	0.551374	0.772859
925	0.557537	0.767361
926	0.527527	0.779225
927	0.540917	0.771701
928	0.547704	0.769387
929	0.538909	0.776620
930	0.535229	0.772569
931	0.522462	0.778935
932	0.531482	0.778935
933	0.532969	0.776620
934	0.509186	0.787905
935	0.525403	0.778356
936	0.515872	0.790220
937	0.515104	0.787037
938	0.524859	0.784433
939	0.523138	0.780382
940	0.527974	0.781250
941	0.543919	0.770544
942	0.531809	0.780671
943	0.536249	0.777778
944	0.526956	0.780382
945	0.526212	0.775174
946	0.528909	0.775174
947	0.533456	0.773727
948	0.548804	0.779225
949	0.518489	0.778356
950	0.536382	0.775752
951	0.541253	0.777488
952	0.543854	0.773148
953	0.516221	0.783565
954	0.538461	0.775174
955	0.537406	0.780382
956	0.526926	0.770544
957	0.511596	0.778356
958	0.520400	0.785012
959	0.517316	0.787326
960	0.507397	0.787616
961	0.525271	0.777778
962	0.523943	0.776042
963	0.512353	0.784433
964	0.520386	0.780671
965	0.527523	0.779225
966	0.532580	0.769097
967	0.513778	0.780382
968	0.533957	0.781829
969	0.540294	0.769387
970	0.514394	0.781539
971	0.531597	0.782407
972	0.524282	0.775752
973	0.534010	0.780961
974	0.514669	0.785012
975	0.521682	0.783565
976	0.516095	0.781539
977	0.529107	0.774884
978	0.526002	0.778646
979	0.531677	0.775463
980	0.531717	0.777488
981	0.527285	0.771991
982	0.513363	0.781250
983	0.534558	0.776331
984	0.531528	0.783854
985	0.523365	0.781250
986	0.525463	0.777778
987	0.517581	0.781250
988	0.511405	0.785590
989	0.516028	0.783275
990	0.517025	0.780382
991	0.523183	0.786748
992	0.529220	0.781539
993	0.524292	0.775174
994	0.505398	0.784722
995	0.499946	0.793113
996	0.501363	0.786748
997	0.512254	0.775174
998	0.539996	0.775463
999	0.523279	0.779225
1000	0.525200	0.776620
1001	0.525245	0.779803
1002	0.512241	0.790799
1003	0.516787	0.777199
1004	0.529175	0.775174
1005	0.517280	0.780093
1006	0.520263	0.778067
1007	0.517315	0.779803
1008	0.515010	0.785012
1009	0.512711	0.778935
1010	0.525711	0.784722
1011	0.509542	0.786169
1012	0.510721	0.784144
1013	0.513223	0.783565
1014	0.505948	0.785301
1015	0.512937	0.777488
1016	0.517043	0.783275
1017	0.502745	0.780961
1018	0.510251	0.779225
1019	0.504945	0.778646
1020	0.514718	0.781250
1021	0.502235	0.791088
1022	0.496687	0.790220
1023	0.514988	0.775752
1024	0.513174	0.780961
1025	0.526358	0.777488
1026	0.511101	0.784144
1027	0.510288	0.786458
1028	0.521362	0.778067
1029	0.529543	0.770255
1030	0.512727	0.782118
1031	0.501045	0.784722
1032	0.521192	0.773727
1033	0.509074	0.788194
1034	0.506684	0.784722
1035	0.512493	0.784433
1036	0.496156	0.785301
1037	0.500760	0.785012
1038	0.500017	0.782118
1039	0.503673	0.780093
1040	0.508656	0.783565
1041	0.497972	0.790220
1042	0.515254	0.783565
1043	0.515469	0.780093
1044	0.504513	0.777488
1045	0.529252	0.774884
1046	0.503044	0.784144
1047	0.507154	0.782986
1048	0.509080	0.782407
1049	0.509081	0.785301
1050	0.513742	0.776331
1051	0.499842	0.779514
1052	0.505736	0.786748
1053	0.513753	0.782118
1054	0.495354	0.785012
1055	0.496012	0.780382
1056	0.516641	0.783275
1057	0.519347	0.782697
1058	0.513611	0.778646
1059	0.508027	0.780093
1060	0.517557	0.779803
1061	0.495519	0.784433
1062	0.506937	0.786169
1063	0.506806	0.785012
1064	0.496738	0.792535
1065	0.497030	0.786748
1066	0.502323	0.784722
1067	0.500303	0.789931
1068	0.527813	0.781250
1069	0.522859	0.775174
1070	0.507035	0.786458
1071	0.499085	0.787037
1072	0.503296	0.783854
1073	0.504477	0.783275
1074	0.513850	0.782118
1075	0.498894	0.784144
1076	0.509661	0.779803
1077	0.499457	0.782697
1078	0.493976	0.786458
1079	0.508520	0.779225
1080	0.514515	0.781829
1081	0.513961	0.781250
1082	0.502635	0.788773
1083	0.518658	0.778067
1084	0.504948	0.783565
1085	0.503927	0.777778
1086	0.502422	0.789062
1087	0.496266	0.785590
1088	0.499077	0.785590
1089	0.499163	0.783565
1090	0.493950	0.784722
1091	0.506471	0.780961
1092	0.507603	0.784144
1093	0.497010	0.781250
1094	0.491300	0.790509
1095	0.491317	0.789641
1096	0.503351	0.785301
1097	0.491782	0.788484
1098	0.495815	0.788194
1099	0.501092	0.785880
1100	0.503630	0.789062
1101	0.508567	0.781539
1102	0.505109	0.783565
1103	0.509430	0.782407
1104	0.497447	0.781250
1105	0.487223	0.788194
1106	0.497986	0.787905
1107	0.490096	0.789062
1108	0.504584	0.780671
1109	0.492721	0.790799
1110	0.495393	0.788194
1111	0.507564	0.780382
1112	0.513878	0.783565
1113	0.503460	0.792245
1114	0.500269	0.782118
1115	0.494215	0.789931
1116	0.483090	0.786169
1117	0.491864	0.785301
1118	0.482386	0.798322
1119	0.502362	0.785590
1120	0.494938	0.782118
1121	0.489578	0.792824
1122	0.485405	0.784144
1123	0.489718	0.790509
1124	0.493737	0.783854
1125	0.503381	0.792245
1126	0.494811	0.785880
1127	0.501456	0.790799
1128	0.503657	0.783565
1129	0.488168	0.791956
1130	0.487290	0.792535
1131	0.480886	0.789352
1132	0.480077	0.795428
1133	0.498330	0.781539
1134	0.498287	0.787905
1135	0.502058	0.785301
1136	0.481114	0.794850
1137	0.489814	0.785301
1138	0.496881	0.783854
1139	0.474524	0.790509
1140	0.489945	0.780961
1141	0.493127	0.782986
1142	0.508942	0.784433
1143	0.487462	0.792245
1144	0.503601	0.782118
1145	0.477696	0.792245
1146	0.491285	0.790220
1147	0.486572	0.789062
1148	0.467464	0.797743
1149	0.494748	0.787326
1150	0.490048	0.788484
1151	0.488994	0.790220
1152	0.486116	0.784144
1153	0.483872	0.792535
1154	0.483614	0.788484
1155	0.487485	0.784144
1156	0.490048	0.793113
1157	0.490180	0.787326
1158	0.478653	0.792245
1159	0.477477	0.793403
1160	0.488389	0.786748
1161	0.493991	0.784144
1162	0.475644	0.797743
1163	0.474905	0.795718
1164	0.475308	0.796875
1165	0.481213	0.794560
1166	0.493361	0.783275
1167	0.478585	0.790799
1168	0.490577	0.783565
1169	0.493514	0.785590
1170	0.496439	0.790220
1171	0.480059	0.784722
1172	0.488991	0.789352
1173	0.496155	0.789352
1174	0.473133	0.791088
1175	0.468570	0.800058
1176	0.477086	0.792824
1177	0.482503	0.791956
1178	0.488235	0.788484
1179	0.487662	0.791377
1180	0.481308	0.790220
1181	0.485173	0.791377
1182	0.485906	0.797164
1183	0.494763	0.795428
1184	0.483711	0.789352
1185	0.471399	0.797743
1186	0.474883	0.787037
1187	0.473549	0.795718
1188	0.484472	0.796586
1189	0.480284	0.788773
1190	0.482659	0.793981
1191	0.492134	0.787326
1192	0.485126	0.785880
1193	0.491025	0.785590
1194	0.484553	0.787905
1195	0.466581	0.791667
1196	0.473510	0.791667
1197	0.486059	0.785590
1198	0.500897	0.784722
1199	0.474694	0.791377
1200	0.472556	0.792245
1201	0.456095	0.798611
1202	0.461289	0.797164
1203	0.460226	0.797743
1204	0.478763	0.795139
1205	0.501603	0.775463
1206	0.478153	0.796296
1207	0.476098	0.786748
1208	0.483527	0.786748
1209	0.470376	0.795139
1210	0.470779	0.794560
1211	0.479657	0.788484
1212	0.489519	0.788194
1213	0.471169	0.794271
1214	0.476036	0.791377
1215	0.472107	0.797743
1216	0.483466	0.791088
1217	0.474168	0.792245
1218	0.472281	0.789062
1219	0.476366	0.793403
1220	0.469389	0.801215
1221	0.465221	0.795718
1222	0.466155	0.794850
1223	0.481215	0.790799
1224	0.480397	0.795428
1225	0.465668	0.795428
1226	0.461288	0.795718
1227	0.464638	0.796586
1228	0.466014	0.795718
1229	0.466586	0.792245
1230	0.474458	0.794271
1231	0.479908	0.788773
1232	0.462908	0.788484
1233	0.462426	0.807002
1234	0.474898	0.793692
1235	0.499440	0.786169
1236	0.495731	0.775752
1237	0.480447	0.793692
1238	0.476914	0.787326
1239	0.473537	0.792245
1240	0.468612	0.794271
1241	0.459874	0.801794
1242	0.465743	0.799479
1243	0.472504	0.792824
1244	0.483541	0.789931
1245	0.462995	0.803819
1246	0.472209	0.790799
1247	0.461565	0.801794
1248	0.460839	0.796296
1249	0.464000	0.797743
1250	0.464766	0.800058
1251	0.473967	0.794560
1252	0.462220	0.796296
1253	0.460109	0.799479
1254	0.466981	0.797164
1255	0.455329	0.799769
1256	0.463308	0.799190
1257	0.463408	0.800347
1258	0.470546	0.795139
1259	0.466312	0.793113
1260	0.456718	0.804109
1261	0.459311	0.796296
1262	0.486960	0.783854
1263	0.463293	0.794560
1264	0.462483	0.800926
1265	0.488877	0.786458
1266	0.519411	0.776910
1267	0.500881	0.779225
1268	0.500506	0.779225
1269	0.465180	0.803530
1270	0.455063	0.802083
1271	0.459004	0.797743
1272	0.459598	0.799190
1273	0.455235	0.799769
1274	0.449327	0.800926
1275	0.444536	0.805266
1276	0.454871	0.805845
1277	0.453577	0.798900
1278	0.450029	0.801505
1279	0.455951	0.799769
1280	0.449780	0.807292
1281	0.458960	0.798032
1282	0.465931	0.800637
1283	0.463375	0.795428
1284	0.468430	0.793981
1285	0.470613	0.801794
1286	0.469576	0.796007
1287	0.466526	0.798611
1288	0.470008	0.789062
1289	0.467923	0.803819
1290	0.455300	0.806713
1291	0.451992	0.804977
1292	0.467163	0.799769
1293	0.465966	0.791956
1294	0.472342	0.795428
1295	0.444810	0.805266
1296	0.455545	0.800058
1297	0.456246	0.802373
1298	0.451955	0.803819
1299	0.443999	0.808449
1300	0.458914	0.796586
1301	0.466033	0.793981
1302	0.466495	0.795718
1303	0.457171	0.797164
1304	0.464975	0.797743
1305	0.448177	0.803530
1306	0.436835	0.808738
1307	0.462561	0.799190
1308	0.468020	0.785880
1309	0.469698	0.791667
1310	0.470989	0.787616
1311	0.472543	0.796875
1312	0.452461	0.799769
1313	0.451025	0.811632
1314	0.463318	0.795428
1315	0.466374	0.796007
1316	0.451975	0.800926
1317	0.457164	0.797743
1318	0.446508	0.799769
1319	0.466554	0.792245
1320	0.450580	0.801215
1321	0.461245	0.805266
1322	0.436696	0.810185
1323	0.441544	0.805556
1324	0.444373	0.808449
1325	0.456767	0.803819
1326	0.449196	0.807292
1327	0.456272	0.796875
1328	0.450490	0.802373
1329	0.470153	0.792535
1330	0.481708	0.791377
1331	0.452162	0.804109
1332	0.482758	0.790220
1333	0.450051	0.801215
1334	0.444367	0.807002
1335	0.463793	0.797454
1336	0.435931	0.804109
1337	0.454202	0.803241
1338	0.454195	0.805845
1339	0.457402	0.802083
1340	0.449449	0.803819
1341	0.460721	0.798611
1342	0.443861	0.806424
1343	0.434947	0.814815
1344	0.452756	0.799190
1345	0.477122	0.794850
1346	0.442512	0.802662
1347	0.450067	0.801505
1348	0.453553	0.788484
1349	0.458288	0.799190
1350	0.444871	0.802662
1351	0.457483	0.804398
1352	0.472304	0.790799
1353	0.448936	0.802373
1354	0.443228	0.806134
1355	0.438406	0.814525
1356	0.443260	0.810185
1357	0.443250	0.806134
1358	0.448018	0.801215
1359	0.454975	0.805556
1360	0.455030	0.798322
1361	0.455771	0.797454
1362	0.442024	0.803819
1363	0.441620	0.805556
1364	0.452075	0.801215
1365	0.442487	0.807581
1366	0.456890	0.803819
1367	0.448343	0.800926
1368	0.441374	0.804688
1369	0.446680	0.808738
1370	0.447316	0.806713
1371	0.441120	0.804688
1372	0.463260	0.805266
1373	0.449946	0.805556
1374	0.456955	0.798322
1375	0.442312	0.809317
1376	0.453596	0.803241
1377	0.448992	0.808738
1378	0.432635	0.802951
1379	0.440913	0.812500
1380	0.444906	0.797454
1381	0.448055	0.805556
1382	0.453920	0.796586
1383	0.449648	0.804977
1384	0.491919	0.774884
1385	0.477282	0.789641
1386	0.446235	0.793113
1387	0.466903	0.793692
1388	0.436250	0.807870
1389	0.442310	0.809028
1390	0.430058	0.806713
1391	0.439879	0.804109
1392	0.441230	0.804398
1393	0.437685	0.805556
1394	0.436653	0.809896
1395	0.449138	0.799190
1396	0.440414	0.801215
1397	0.447325	0.805556
1398	0.440362	0.803241
1399	0.440411	0.801794
1400	0.426736	0.811632
1401	0.428972	0.810764
1402	0.432256	0.805556
1403	0.443450	0.802373
1404	0.452862	0.802662
1405	0.440608	0.800347
1406	0.442212	0.806424
1407	0.441796	0.800058
1408	0.437297	0.800926
1409	0.438103	0.804398
1410	0.442671	0.804398
1411	0.435231	0.809317
1412	0.437800	0.808449
1413	0.436237	0.808738
1414	0.437634	0.808738
1415	0.438755	0.802083
1416	0.443961	0.797743
1417	0.454094	0.801215
1418	0.433819	0.805556
1419	0.442543	0.807002
1420	0.466187	0.783565
1421	0.481260	0.787326
1422	0.466027	0.789931
1423	0.456730	0.802083
1424	0.425615	0.810764
1425	0.433946	0.807581
1426	0.421454	0.813657
1427	0.433504	0.809896
1428	0.436128	0.812211
1429	0.431232	0.811053
1430	0.429842	0.810185
1431	0.427005	0.808449
1432	0.431267	0.814525
1433	0.437437	0.810185
1434	0.421057	0.821181
1435	0.423562	0.813368
1436	0.420758	0.818576
1437	0.435638	0.803530
1438	0.434051	0.812789
1439	0.438094	0.807002
1440	0.452510	0.803819
1441	0.444659	0.802662
1442	0.451377	0.807002
1443	0.424514	0.810475
1444	0.446876	0.809606
1445	0.441281	0.804688
1446	0.438298	0.809317
1447	0.442083	0.800637
1448	0.425706	0.813947
1449	0.433310	0.807870
1450	0.427043	0.811632
1451	0.441750	0.807870
1452	0.428362	0.806713
1453	0.432351	0.810475
1454	0.428086	0.810475
1455	0.419032	0.816551
1456	0.423984	0.817708
1457	0.437702	0.806424
1458	0.449573	0.800347
1459	0.439100	0.811343
1460	0.433285	0.805266
1461	0.417905	0.818287
1462	0.432811	0.808738
1463	0.429551	0.815394
1464	0.450922	0.796007
1465	0.454005	0.807292
1466	0.455642	0.794850
1467	0.458457	0.800926
1468	0.453598	0.796875
1469	0.469548	0.792824
1470	0.425701	0.814815
1471	0.414235	0.815394
1472	0.419323	0.812500
1473	0.435324	0.813947
1474	0.423161	0.814525
1475	0.422650	0.808738
1476	0.417272	0.812789
1477	0.421067	0.812500
1478	0.423853	0.809896
1479	0.422893	0.818576
1480	0.423326	0.817998
1481	0.428535	0.813079
1482	0.424819	0.808738
1483	0.428506	0.810764
1484	0.433494	0.810185
1485	0.435414	0.809317
1486	0.436890	0.798611
1487	0.442477	0.802951
1488	0.438827	0.797743
1489	0.427161	0.815683
1490	0.426137	0.810764
1491	0.421663	0.811053
1492	0.413916	0.816262
1493	0.431456	0.812789
1494	0.434962	0.807581
1495	0.415586	0.818866
1496	0.420512	0.816551
1497	0.419662	0.813079
1498	0.413337	0.821470
1499	0.438384	0.795428
1500	0.435751	0.804109
1501	0.436533	0.800926
1502	0.437864	0.808738
1503	0.428954	0.805266
1504	0.430749	0.810475
1505	0.413858	0.815683
1506	0.412981	0.813947
1507	0.412646	0.812211
1508	0.409736	0.826968
1509	0.411327	0.821181
1510	0.424065	0.812789
1511	0.412617	0.822338
1512	0.414308	0.820312
1513	0.417993	0.809028
1514	0.417700	0.816551
1515	0.429775	0.812500
1516	0.421783	0.816551
1517	0.440152	0.815104
1518	0.436218	0.800347
1519	0.433475	0.806134
1520	0.435693	0.798322
1521	0.453124	0.802951
1522	0.439379	0.803819
1523	0.435354	0.806134
1524	0.419934	0.805845
1525	0.412469	0.823785
1526	0.407100	0.820023
1527	0.434016	0.813947
1528	0.413507	0.819444
1529	0.421548	0.808449
1530	0.418499	0.817419
1531	0.412093	0.815683
1532	0.421448	0.815104
1533	0.404134	0.820602
1534	0.425535	0.810475
1535	0.407469	0.822917
1536	0.402512	0.817419
1537	0.413700	0.814815
1538	0.403487	0.822917
1539	0.424183	0.814236
1540	0.420765	0.807870
1541	0.422407	0.817419
1542	0.418195	0.810185
1543	0.420022	0.811053
1544	0.420080	0.819444
1545	0.434825	0.805266
1546	0.428543	0.814815
1547	0.419893	0.800058
1548	0.428262	0.812211
1549	0.429009	0.798900
1550	0.454953	0.797164
1551	0.438524	0.796875
1552	0.434470	0.807292
1553	0.412112	0.814236
1554	0.414614	0.817419
1555	0.412327	0.819155
1556	0.419901	0.812211
1557	0.409779	0.819734
1558	0.418518	0.811632
1559	0.409132	0.822338
1560	0.400657	0.816840
1561	0.399892	0.824942
1562	0.412805	0.815972
1563	0.414491	0.809028
1564	0.421666	0.812500
1565	0.417415	0.815104
1566	0.417490	0.817708
1567	0.421076	0.811343
1568	0.419722	0.811921
1569	0.411557	0.820602
1570	0.430013	0.805266
1571	0.452816	0.799769
1572	0.444922	0.800347
1573	0.439072	0.804977
1574	0.411520	0.809028
1575	0.429831	0.814525
1576	0.420977	0.809896
1577	0.409812	0.816840
1578	0.410738	0.813657
1579	0.396047	0.826968
1580	0.403664	0.817708
1581	0.416825	0.817419
1582	0.408119	0.817419
1583	0.426106	0.807292
1584	0.422631	0.800637
1585	0.426139	0.811343
1586	0.405107	0.815394
1587	0.416610	0.817708
1588	0.411062	0.815104
1589	0.415108	0.818287
1590	0.415782	0.817130
1591	0.405108	0.821470
1592	0.405294	0.820602
1593	0.395063	0.829572
1594	0.426602	0.814525
1595	0.418383	0.808738
1596	0.429681	0.810475
1597	0.419351	0.810475
1598	0.417444	0.815972
1599	0.400625	0.816840
1600	0.389800	0.833333
1601	0.404462	0.813079
1602	0.404245	0.820891
1603	0.406372	0.819155
1604	0.423424	0.809896
1605	0.409974	0.820602
1606	0.416456	0.804977
1607	0.434489	0.802373
1608	0.432228	0.803241
1609	0.436873	0.806134
1610	0.431791	0.802083
1611	0.416591	0.816551
1612	0.402761	0.819734
1613	0.416284	0.819155
1614	0.401763	0.818576
1615	0.407322	0.819444
1616	0.400773	0.824363
1617	0.414520	0.815683
1618	0.411730	0.814236
1619	0.401134	0.820023
1620	0.402803	0.820312
1621	0.421585	0.809317
1622	0.400634	0.821759
1623	0.399431	0.826968
1624	0.407142	0.823495
1625	0.413043	0.817130
1626	0.407628	0.813368
1627	0.404823	0.818866
1628	0.402638	0.818866
1629	0.393429	0.828125
1630	0.385196	0.828993
1631	0.399917	0.825231
1632	0.401159	0.822049
1633	0.399925	0.825810
1634	0.418489	0.809896
1635	0.403758	0.824074
1636	0.403434	0.819444
1637	0.408403	0.817998
1638	0.403048	0.810475
1639	0.428189	0.804109
1640	0.436522	0.796875
1641	0.478236	0.787037
1642	0.433946	0.801215
1643	0.412347	0.813657
1644	0.401522	0.820023
1645	0.404034	0.820312
1646	0.399546	0.822338
1647	0.388393	0.834491
1648	0.398916	0.826968
1649	0.398409	0.829861
1650	0.408154	0.812500
1651	0.391258	0.828125
1652	0.395341	0.820023
1653	0.409258	0.815972
1654	0.395604	0.825810
1655	0.399862	0.822627
1656	0.419978	0.812211
1657	0.404046	0.817419
1658	0.390624	0.826968
1659	0.409403	0.816551
1660	0.392145	0.823785
1661	0.391264	0.830729
1662	0.406524	0.817998
1663	0.401778	0.821181
1664	0.409720	0.811632
1665	0.436585	0.806134
1666	0.411787	0.812211
1667	0.412610	0.820312
1668	0.398817	0.816262
1669	0.412458	0.817708
1670	0.417023	0.812789
1671	0.414705	0.817130
1672	0.391462	0.822049
1673	0.407758	0.818866
1674	0.395349	0.820023
1675	0.392138	0.825231
1676	0.383353	0.827257
1677	0.392464	0.826968
1678	0.395337	0.826968
1679	0.402324	0.825810
1680	0.401296	0.826968
1681	0.390583	0.820891
1682	0.396594	0.827546
1683	0.409680	0.813947
1684	0.409684	0.820023
1685	0.403307	0.822917
1686	0.395701	0.820602
1687	0.425862	0.800347
1688	0.441278	0.801215
1689	0.428107	0.798322
1690	0.429879	0.810185
1691	0.399271	0.821181
1692	0.395804	0.826968
1693	0.383249	0.830440
1694	0.377471	0.832755
1695	0.369709	0.838542
1696	0.395983	0.824942
1697	0.399971	0.817708
1698	0.405556	0.825810
1699	0.395628	0.817419
1700	0.384060	0.833912
1701	0.388297	0.820023
1702	0.407075	0.823206
1703	0.397250	0.812789
1704	0.398623	0.819444
1705	0.397529	0.814525
1706	0.420798	0.811053
1707	0.418520	0.812211
1708	0.404803	0.817130
1709	0.383782	0.828993
1710	0.399441	0.824942
1711	0.400900	0.821759
1712	0.404231	0.818576
1713	0.385230	0.826389
1714	0.394345	0.824942
1715	0.400273	0.828993
1716	0.404220	0.814815
1717	0.390213	0.826100
1718	0.378664	0.831887
1719	0.382481	0.826678
1720	0.397808	0.825521
1721	0.404350	0.830729
1722	0.390946	0.826968
1723	0.408244	0.821470
1724	0.390982	0.823206
1725	0.406758	0.820602
1726	0.393645	0.817998
1727	0.419482	0.811921
1728	0.427091	0.809896
1729	0.413857	0.815683
1730	0.397047	0.819734
1731	0.406955	0.822338
1732	0.389082	0.821181
1733	0.377560	0.841435
1734	0.387499	0.821181
1735	0.384996	0.829282
1736	0.384976	0.828704
1737	0.388097	0.831308
1738	0.390311	0.825521
1739	0.383546	0.830729
1740	0.372793	0.831308
1741	0.392514	0.826100
1742	0.407602	0.817998
1743	0.392337	0.817708
1744	0.404987	0.819734
1745	0.390807	0.824074
1746	0.386628	0.830729
1747	0.400175	0.819155
1748	0.407385	0.811343
1749	0.393500	0.818287
1750	0.389896	0.827257
1751	0.386854	0.826100
1752	0.414598	0.819155
1753	0.406859	0.807870
1754	0.414827	0.811343
1755	0.402063	0.810475
1756	0.394053	0.821470
1757	0.391515	0.815972
1758	0.406852	0.814525
1759	0.386857	0.828993
1760	0.392737	0.824653
1761	0.384647	0.826678
1762	0.402841	0.824074
1763	0.376402	0.825231
1764	0.376805	0.834491
1765	0.388419	0.816262
1766	0.395282	0.824653
1767	0.381725	0.829572
1768	0.391277	0.822627
1769	0.391242	0.812211
1770	0.405192	0.819734
1771	0.381226	0.832465
1772	0.391945	0.828993
1773	0.373357	0.837963
1774	0.388409	0.828125
1775	0.382765	0.827546
1776	0.377111	0.837384
1777	0.375669	0.834780
1778	0.386382	0.827836
1779	0.383074	0.829861
1780	0.398727	0.824942
1781	0.399986	0.818866
1782	0.384198	0.832465
1783	0.383631	0.832755
1784	0.394206	0.818866
1785	0.433683	0.805845
1786	0.401655	0.810475
1787	0.416393	0.813368
1788	0.391484	0.822627
1789	0.400338	0.820023
1790	0.382223	0.821759
1791	0.376766	0.837674
1792	0.382981	0.822338
1793	0.377024	0.833333
1794	0.368720	0.842014
1795	0.382092	0.826968
1796	0.366140	0.843461
1797	0.382139	0.827257
1798	0.370086	0.833623
1799	0.379375	0.831887
1800	0.377087	0.834491
1801	0.374957	0.837384
1802	0.386101	0.827257
1803	0.401385	0.814236
1804	0.412749	0.812500
1805	0.402269	0.813657
1806	0.409436	0.816262
1807	0.384728	0.820891
1808	0.412184	0.818866
1809	0.373562	0.831308
1810	0.386510	0.827836
1811	0.375190	0.829282
1812	0.378028	0.834780
1813	0.372752	0.833333
1814	0.387581	0.833333
1815	0.371613	0.831308
1816	0.393471	0.824942
1817	0.378928	0.830440
1818	0.380897	0.829282
1819	0.382235	0.824363
1820	0.385810	0.824363
1821	0.382438	0.826100
1822	0.385444	0.829572
1823	0.369858	0.828704
1824	0.396741	0.823495
1825	0.384346	0.821759
1826	0.410110	0.814815
1827	0.396579	0.814525
1828	0.376333	0.837095
1829	0.367711	0.831308
1830	0.378923	0.830729
1831	0.374463	0.826678
1832	0.381298	0.827836
1833	0.398660	0.826100
1834	0.379062	0.834201
1835	0.370824	0.836227
1836	0.382641	0.826968
1837	0.396550	0.825521
1838	0.376607	0.828414
1839	0.394964	0.827836
1840	0.398511	0.818287
1841	0.395491	0.818576
1842	0.390408	0.815972
1843	0.404071	0.820602
1844	0.390421	0.824074
1845	0.377339	0.834201
1846	0.358580	0.836806
1847	0.374635	0.837674
1848	0.356228	0.839988
1849	0.373298	0.837384
1850	0.368667	0.842303
1851	0.379045	0.828993
1852	0.367152	0.836516
1853	0.369608	0.830440
1854	0.369967	0.837095
1855	0.372186	0.832465
1856	0.384831	0.823206
1857	0.394883	0.819155
1858	0.408615	0.811053
1859	0.397388	0.811053
1860	0.386130	0.825231
1861	0.370333	0.828125
1862	0.373836	0.835359
1863	0.373175	0.835359
1864	0.371457	0.836516
1865	0.371534	0.837674
1866	0.361426	0.834201
1867	0.390409	0.826678
1868	0.366701	0.831019
1869	0.375797	0.836227
1870	0.379983	0.827836
1871	0.393637	0.825231
1872	0.374479	0.825231
1873	0.379804	0.826968
1874	0.368658	0.831887
1875	0.372518	0.838542
1876	0.353310	0.844329
1877	0.353063	0.844329
1878	0.375405	0.821759
1879	0.366284	0.841725
1880	0.368799	0.834491
1881	0.366945	0.836516
1882	0.371840	0.838831
1883	0.382159	0.829282
1884	0.381896	0.822049
1885	0.367881	0.835938
1886	0.363862	0.837963
1887	0.375138	0.826968
1888	0.407018	0.809028
1889	0.395626	0.811053
1890	0.422635	0.807002
1891	0.381578	0.824074
1892	0.381138	0.827257
1893	0.354564	0.839988
1894	0.356381	0.841725
1895	0.366068	0.842882
1896	0.360037	0.843171
1897	0.369140	0.834780
1898	0.384025	0.826968
1899	0.378158	0.834780
1900	0.379498	0.838831
1901	0.355230	0.841725
1902	0.363979	0.835648
1903	0.369723	0.833623
1904	0.383894	0.837095
1905	0.362527	0.838831
1906	0.373881	0.835359
1907	0.358427	0.841146
1908	0.375056	0.831019
1909	0.373052	0.825231
1910	0.379104	0.827836
1911	0.363054	0.833044
1912	0.380145	0.826100
1913	0.368167	0.830150
1914	0.399735	0.814525
1915	0.366515	0.835359
1916	0.379235	0.826968
1917	0.359647	0.834201
1918	0.368692	0.834201
1919	0.358733	0.839120
1920	0.355998	0.842882
1921	0.349112	0.844618
1922	0.381078	0.839988
1923	0.369098	0.837095
1924	0.360690	0.843750
1925	0.362003	0.834780
1926	0.371565	0.840567
1927	0.376143	0.824074
1928	0.424163	0.804688
1929	0.363842	0.831887
1930	0.368772	0.835938
1931	0.368205	0.826678
1932	0.360661	0.834491
1933	0.360631	0.835359
1934	0.376109	0.830150
1935	0.370516	0.833044
1936	0.360851	0.838252
1937	0.363376	0.836806
1938	0.365469	0.840856
1939	0.356107	0.838252
1940	0.368724	0.833623
1941	0.369883	0.830150
1942	0.391012	0.819734
1943	0.365640	0.836227
1944	0.366875	0.837384
1945	0.363358	0.837674
1946	0.367689	0.834491
1947	0.351617	0.835648
1948	0.364113	0.836227
1949	0.369865	0.822049
1950	0.381321	0.831887
1951	0.372680	0.831308
1952	0.368583	0.830729
1953	0.372921	0.825810
1954	0.363935	0.845775
1955	0.351054	0.847222
1956	0.360118	0.841146
1957	0.358947	0.844329
1958	0.365498	0.837384
1959	0.358310	0.839699
1960	0.371041	0.837674
1961	0.363356	0.829572
1962	0.383579	0.826968
1963	0.376186	0.825231
1964	0.378850	0.828704
1965	0.361717	0.831597
1966	0.386815	0.820023
1967	0.370434	0.825521
1968	0.369296	0.834491
1969	0.354540	0.838252
1970	0.349091	0.845775
1971	0.343398	0.844039
1972	0.352053	0.846644
1973	0.367909	0.836806
1974	0.355639	0.848380
1975	0.354526	0.854456
1976	0.353153	0.840856
1977	0.366699	0.844329
1978	0.364257	0.838831
1979	0.360585	0.841146
1980	0.354771	0.845775
1981	0.353073	0.839410
1982	0.370332	0.834491
1983	0.380752	0.815394
1984	0.427461	0.794850
1985	0.414270	0.810764
1986	0.396414	0.815104
1987	0.360966	0.837963
1988	0.351771	0.846933
1989	0.339971	0.846354
1990	0.334712	0.853877
1991	0.350904	0.846644
1992	0.363539	0.837963
1993	0.359652	0.839410
1994	0.347807	0.847222
1995	0.355387	0.842014
1996	0.357134	0.840567
1997	0.347856	0.844618
1998	0.375896	0.830729
1999	0.368451	0.821759
2000	0.381326	0.823495
2001	0.365574	0.827257
2002	0.368265	0.832176
2003	0.368095	0.830150
2004	0.370217	0.845775
2005	0.358417	0.837384
2006	0.377133	0.827546
2007	0.353681	0.842014
2008	0.343635	0.844907
2009	0.353704	0.842593
2010	0.355709	0.843171
2011	0.350227	0.843461
2012	0.356617	0.839120
2013	0.357302	0.833912
2014	0.380063	0.833912
2015	0.367773	0.827836
2016	0.386142	0.821181
2017	0.363004	0.829282
2018	0.364517	0.838542
2019	0.354193	0.836806
2020	0.354224	0.839988
2021	0.345564	0.842593
2022	0.357506	0.843171
2023	0.352039	0.833333
2024	0.353112	0.842882
2025	0.353848	0.841146
2026	0.364452	0.838542
2027	0.358005	0.832176
2028	0.359884	0.842882
2029	0.346804	0.843461
2030	0.359734	0.842014
2031	0.349258	0.842303
2032	0.365188	0.835069
2033	0.356851	0.835648
2034	0.360265	0.840567
2035	0.350544	0.842593
2036	0.351997	0.846065
2037	0.350201	0.839988
2038	0.339714	0.852141
2039	0.341535	0.844039
2040	0.349562	0.843461
2041	0.355273	0.841725
2042	0.338842	0.845197
2043	0.341827	0.850984
2044	0.337921	0.855324
2045	0.352389	0.843461
2046	0.352425	0.844329
2047	0.362540	0.833623
2048	0.417315	0.802951
2049	0.386896	0.822049
2050	0.384806	0.822338
2051	0.337684	0.850405
2052	0.344146	0.844618
2053	0.336721	0.846933
2054	0.338031	0.853877
2055	0.345203	0.838831
2056	0.364652	0.832755
2057	0.352646	0.834780
2058	0.352133	0.839699
2059	0.341292	0.842303
2060	0.360065	0.832176
2061	0.342283	0.841435
2062	0.347000	0.849537
2063	0.359776	0.833044
2064	0.385106	0.827836
2065	0.343892	0.842882
2066	0.345595	0.852431
2067	0.338558	0.848669
2068	0.352098	0.844329
2069	0.343085	0.847222
2070	0.370317	0.834201
2071	0.362913	0.832755
2072	0.361141	0.844039
2073	0.360791	0.828704
2074	0.380415	0.825810
2075	0.346426	0.846065
2076	0.355798	0.845486
2077	0.343081	0.845486
2078	0.353048	0.843171
2079	0.350919	0.833044
2080	0.367093	0.833623
2081	0.344942	0.839120
2082	0.356894	0.837095
2083	0.352514	0.835069
2084	0.359534	0.832465
2085	0.340359	0.843750
2086	0.347093	0.840856
2087	0.344074	0.845775
2088	0.357480	0.842303
2089	0.341218	0.849537
2090	0.330696	0.854745
2091	0.334392	0.849248
2092	0.333237	0.855035
2093	0.329334	0.861690
2094	0.330253	0.854745
2095	0.330322	0.855903
2096	0.359080	0.828414
2097	0.399513	0.822049
2098	0.383440	0.816840
2099	0.379080	0.824942
2100	0.336428	0.846933
2101	0.334019	0.853299
2102	0.323787	0.858507
2103	0.348930	0.846644
2104	0.338567	0.850984
2105	0.350030	0.846065
2106	0.340439	0.852431
2107	0.340357	0.848380
2108	0.339686	0.844907
2109	0.337493	0.853588
2110	0.341620	0.844329
2111	0.343360	0.848958
2112	0.331250	0.850405
2113	0.347879	0.850405
2114	0.341090	0.852431
2115	0.349370	0.842882
2116	0.337184	0.844907
2117	0.366070	0.840856
2118	0.360969	0.837095
2119	0.377111	0.828414
2120	0.366334	0.826389
2121	0.380280	0.827546
2122	0.351454	0.834201
2123	0.379020	0.826389
2124	0.337284	0.849248
2125	0.356186	0.837095
2126	0.337682	0.843171
2127	0.337678	0.848958
2128	0.334644	0.846065
2129	0.336427	0.852141
2130	0.336932	0.851273
2131	0.339338	0.851562
2132	0.326851	0.855903
2133	0.339178	0.839988
2134	0.342178	0.847801
2135	0.359870	0.836806
2136	0.360131	0.833623
2137	0.374572	0.831887
2138	0.353582	0.837674
2139	0.352129	0.845197
2140	0.349188	0.847512
2141	0.333233	0.853299
2142	0.326748	0.854456
2143	0.340016	0.853009
2144	0.334506	0.850694
2145	0.338020	0.852431
2146	0.323076	0.861111
2147	0.338274	0.854456
2148	0.350537	0.844907
2149	0.332061	0.850405
2150	0.334471	0.855035
2151	0.329625	0.854167
2152	0.329478	0.855035
2153	0.320041	0.866319
2154	0.333289	0.849248
2155	0.372094	0.826678
2156	0.397495	0.805845
2157	0.429031	0.807292
2158	0.361585	0.833044
2159	0.350192	0.845486
2160	0.321265	0.862847
2161	0.333619	0.855903
2162	0.328123	0.850405
2163	0.311986	0.859954
2164	0.329262	0.855324
2165	0.336303	0.848380
2166	0.332161	0.857060
2167	0.336504	0.851562
2168	0.316927	0.859954
2169	0.330622	0.859954
2170	0.340007	0.842593
2171	0.351968	0.842593
2172	0.347474	0.838831
2173	0.355485	0.829282
2174	0.339715	0.844039
2175	0.366672	0.832176
2176	0.353735	0.832465
2177	0.370203	0.823785
2178	0.341808	0.847222
2179	0.338911	0.852431
2180	0.331968	0.849537
2181	0.341475	0.847801
2182	0.323331	0.857928
2183	0.337534	0.851852
2184	0.315266	0.861400
2185	0.338150	0.849826
2186	0.338421	0.849537
2187	0.351563	0.843750
2188	0.349720	0.839120
2189	0.353713	0.838252
2190	0.341582	0.843750
2191	0.353871	0.843461
2192	0.321523	0.863137
2193	0.321292	0.863137
2194	0.308766	0.869213
2195	0.329220	0.856192
2196	0.323998	0.857928
2197	0.319724	0.856481
2198	0.330035	0.854745
2199	0.329706	0.850405
2200	0.329082	0.856771
2201	0.327959	0.857060
2202	0.328130	0.855324
2203	0.328146	0.851273
2204	0.353946	0.836227
2205	0.359867	0.831019
2206	0.389277	0.812789
2207	0.356531	0.835359
2208	0.358562	0.835648
2209	0.327001	0.848090
2210	0.332243	0.855903
2211	0.311233	0.860532
2212	0.341333	0.848958
2213	0.327087	0.851273
2214	0.331778	0.855903
2215	0.332569	0.850694
2216	0.351419	0.841435
2217	0.324740	0.861400
2218	0.331991	0.858507
2219	0.316659	0.858218
2220	0.317629	0.866319
2221	0.335371	0.857639
2222	0.347068	0.852431
2223	0.330811	0.851562
2224	0.328331	0.859954
2225	0.318222	0.853588
2226	0.361976	0.831308
2227	0.361731	0.829282
2228	0.383831	0.824363
2229	0.337239	0.844618
2230	0.343645	0.850405
2231	0.320040	0.855324
2232	0.339627	0.846933
2233	0.316292	0.859664
2234	0.332825	0.848380
2235	0.342937	0.839410
2236	0.341314	0.850116
2237	0.337166	0.845775
2238	0.331227	0.848669
2239	0.310822	0.864005
2240	0.310532	0.865451
2241	0.323367	0.845775
2242	0.359841	0.832176
2243	0.330319	0.850405
2244	0.337785	0.849537
2245	0.331607	0.848090
2246	0.333349	0.855613
2247	0.318510	0.859375
2248	0.316649	0.859664
2249	0.307151	0.869792
2250	0.319661	0.860822
2251	0.304401	0.868634
2252	0.317171	0.859664
2253	0.309385	0.867477
2254	0.336569	0.853009
2255	0.322104	0.857639
2256	0.308565	0.869213
2257	0.325286	0.855903
2258	0.327044	0.855613
2259	0.332353	0.848380
2260	0.367409	0.824363
2261	0.355934	0.833333
2262	0.373428	0.832176
2263	0.334544	0.839120
2264	0.366675	0.826389
2265	0.325252	0.854745
2266	0.318312	0.859664
2267	0.305856	0.862558
2268	0.314840	0.857350
2269	0.313303	0.862847
2270	0.322872	0.855613
2271	0.315461	0.859664
2272	0.320887	0.859664
2273	0.347729	0.838252
2274	0.351687	0.845197
2275	0.325002	0.860822
2276	0.317142	0.860243
2277	0.313423	0.861690
2278	0.326837	0.853877
2279	0.339974	0.839988
2280	0.333239	0.847512
2281	0.315301	0.857928
2282	0.328401	0.853877
2283	0.325619	0.846644
2284	0.376818	0.821470
2285	0.351894	0.825231
2286	0.364433	0.836806
2287	0.323489	0.851273
2288	0.327603	0.859664
2289	0.308838	0.860822
2290	0.324788	0.852141
2291	0.311801	0.861400
2292	0.312763	0.866319
2293	0.305656	0.866319
2294	0.319015	0.864873
2295	0.321712	0.857639
2296	0.328620	0.857928
2297	0.318826	0.857060
2298	0.316876	0.859375
2299	0.316077	0.850405
2300	0.378664	0.823785
2301	0.331044	0.850984
2302	0.341117	0.845197
2303	0.314816	0.854745
2304	0.334723	0.848958
2305	0.310368	0.859954
2306	0.329567	0.856192
2307	0.317115	0.857928
2308	0.321232	0.856481
2309	0.316680	0.856192
2310	0.320080	0.859664
2311	0.328383	0.850694
2312	0.352937	0.834201
2313	0.316328	0.862269
2314	0.315923	0.860532
2315	0.309285	0.863426
2316	0.335884	0.853009
2317	0.318218	0.863137
2318	0.315057	0.863137
2319	0.312606	0.864294
2320	0.327736	0.852141
2321	0.325842	0.845197
2322	0.375459	0.823495
2323	0.367685	0.828125
2324	0.355931	0.827257
2325	0.317320	0.858218
2326	0.318646	0.864294
2327	0.308256	0.863137
2328	0.327559	0.850694
2329	0.324790	0.857639
2330	0.318416	0.863137
2331	0.324235	0.852141
2332	0.330144	0.852720
2333	0.315089	0.857350
2334	0.321517	0.851562
2335	0.314237	0.864873
2336	0.315106	0.865162
2337	0.311672	0.861111
2338	0.305097	0.870081
2339	0.290607	0.869792
2340	0.296258	0.875289
2341	0.314023	0.859954
2342	0.326120	0.855324
2343	0.339751	0.838252
2344	0.369258	0.827257
2345	0.325668	0.848958
2346	0.327150	0.852720
2347	0.305397	0.861111
2348	0.321620	0.855903
2349	0.324088	0.855324
2350	0.322916	0.862269
2351	0.313429	0.853009
2352	0.329284	0.856192
2353	0.305439	0.863137
2354	0.325969	0.850405
2355	0.317404	0.856771
2356	0.314048	0.866609
2357	0.322779	0.854745
2358	0.341461	0.846354
2359	0.321505	0.856771
2360	0.317587	0.859954
2361	0.297419	0.870660
2362	0.307688	0.869213
2363	0.322124	0.848090
2364	0.339540	0.841435
2365	0.320946	0.854745
2366	0.324577	0.858507
2367	0.302140	0.865451
2368	0.315289	0.864873
2369	0.330397	0.847801
2370	0.306123	0.868056
2371	0.312048	0.867477
2372	0.298867	0.869502
2373	0.307076	0.869213
2374	0.315846	0.861690
2375	0.294630	0.866319
2376	0.328637	0.844329
2377	0.326139	0.843461
2378	0.358590	0.830150
2379	0.332803	0.845197
2380	0.336084	0.847222
2381	0.299346	0.865741
2382	0.298767	0.867188
2383	0.305196	0.861979
2384	0.312531	0.869213
2385	0.302948	0.868056
2386	0.310119	0.863426
2387	0.300584	0.866898
2388	0.304333	0.865741
2389	0.293159	0.869213
2390	0.312751	0.857350
2391	0.325721	0.849248
2392	0.336634	0.846354
2393	0.311886	0.862847
2394	0.324851	0.858796
2395	0.312430	0.862269
2396	0.303674	0.861400
2397	0.311119	0.860243
2398	0.292701	0.870949
2399	0.297565	0.868634
2400	0.337982	0.843461
2401	0.335001	0.846354
2402	0.329625	0.846354
2403	0.306455	0.869213
2404	0.316753	0.861690
2405	0.307687	0.867477
2406	0.337192	0.849248
2407	0.331589	0.848380
2408	0.341273	0.840567
2409	0.323197	0.851562
2410	0.302794	0.876736
2411	0.300635	0.866609
2412	0.313419	0.864294
2413	0.294447	0.873553
2414	0.303358	0.869502
2415	0.303771	0.866609
2416	0.319932	0.858218
2417	0.315290	0.855903
2418	0.328360	0.853588
2419	0.321141	0.855903
2420	0.324727	0.848958
2421	0.318199	0.846065
2422	0.331188	0.851562
2423	0.308966	0.858507
2424	0.300024	0.869213
2425	0.293572	0.869213
2426	0.292818	0.877894
2427	0.306118	0.856481
2428	0.315419	0.857928
2429	0.306132	0.853299
2430	0.322308	0.853299
2431	0.325631	0.844907
2432	0.324469	0.846354
2433	0.290104	0.871528
2434	0.319678	0.861400
2435	0.302332	0.868345
2436	0.320743	0.857928
2437	0.296239	0.872685
2438	0.305468	0.865162
2439	0.297998	0.868056
2440	0.302723	0.875868
2441	0.286180	0.878472
2442	0.306753	0.865451
2443	0.297917	0.870370
2444	0.308774	0.861979
2445	0.292366	0.872396
2446	0.319927	0.854745
2447	0.340013	0.835069
2448	0.359353	0.823206
2449	0.311017	0.850116
2450	0.336760	0.845486
2451	0.290150	0.873264
2452	0.312257	0.857928
2453	0.299036	0.865451
2454	0.288119	0.879630
2455	0.303611	0.866030
2456	0.309262	0.858507
2457	0.297625	0.866609
2458	0.314288	0.858218
2459	0.309832	0.862269
2460	0.310892	0.859086
2461	0.297361	0.866319
2462	0.297227	0.869502
2463	0.286509	0.871238
2464	0.317751	0.857350
2465	0.299876	0.872396
2466	0.304684	0.870660
2467	0.297335	0.868634
2468	0.304604	0.866319
2469	0.304518	0.863426
2470	0.331071	0.850694
2471	0.330438	0.844907
2472	0.347680	0.834201
2473	0.327828	0.850984
2474	0.328259	0.859664
2475	0.297807	0.864873
2476	0.296421	0.872106
2477	0.288588	0.879340
2478	0.296844	0.870081
2479	0.283525	0.879340
2480	0.287164	0.878183
2481	0.278995	0.876447
2482	0.295755	0.875000
2483	0.283621	0.878762
2484	0.294511	0.871238
2485	0.304286	0.857639
2486	0.358526	0.828125
2487	0.341141	0.842593
2488	0.324979	0.862558
2489	0.285623	0.881366
2490	0.273945	0.890046
2491	0.277339	0.885706
2492	0.297380	0.870949
2493	0.292860	0.873553
2494	0.285940	0.879630
2495	0.287032	0.874132
2496	0.321938	0.851562
2497	0.321049	0.847801
2498	0.363933	0.823206
2499	0.310159	0.853299
2500	0.306347	0.862269
2501	0.288355	0.875868
2502	0.315429	0.855613
2503	0.280030	0.880498
2504	0.287118	0.877315
2505	0.288225	0.871238
2506	0.313207	0.858218
2507	0.292562	0.869502
2508	0.293131	0.872396
2509	0.288475	0.866030
2510	0.324784	0.852141
2511	0.296491	0.868345
2512	0.292226	0.873843
2513	0.291665	0.872975
2514	0.323127	0.850694
2515	0.314201	0.854456
2516	0.315701	0.853009
2517	0.322028	0.850405
2518	0.338393	0.846065
2519	0.295992	0.865162
2520	0.289377	0.880208
2521	0.278270	0.879051
2522	0.288167	0.877604
2523	0.287758	0.873553
2524	0.287793	0.869502
2525	0.277674	0.885417
2526	0.284472	0.873264
2527	0.289724	0.870949
2528	0.310754	0.864294
2529	0.297778	0.868634
2530	0.315980	0.855035
2531	0.317730	0.854745
2532	0.327963	0.855613
2533	0.298817	0.868634
2534	0.291117	0.878183
2535	0.308905	0.861979
2536	0.318102	0.853299
2537	0.290395	0.874711
2538	0.301371	0.864873
2539	0.298831	0.863137
2540	0.302551	0.865741
2541	0.285832	0.874711
2542	0.281920	0.878183
2543	0.280587	0.881366
2544	0.287479	0.876736
2545	0.279597	0.877025
2546	0.294541	0.874711
2547	0.298169	0.874421
2548	0.278685	0.883681
2549	0.281574	0.873264
2550	0.286252	0.878472
2551	0.294610	0.864294
2552	0.313095	0.863715
2553	0.298148	0.859375
2554	0.314871	0.855613
2555	0.320692	0.839410
2556	0.355199	0.828704
2557	0.316833	0.846644
2558	0.316557	0.855324
2559	0.294171	0.869213
2560	0.276614	0.888600
2561	0.277048	0.880498
2562	0.276244	0.882234
2563	0.278127	0.876447
2564	0.302504	0.866898
2565	0.291783	0.870370
2566	0.279429	0.880498
2567	0.284959	0.877894
2568	0.283236	0.879340
2569	0.285333	0.875289
2570	0.287897	0.872975
2571	0.270874	0.882234
2572	0.282233	0.876736
2573	0.284530	0.882812
2574	0.290255	0.875579
2575	0.292057	0.865162
2576	0.315043	0.850984
2577	0.334591	0.845486
2578	0.378333	0.821181
2579	0.298939	0.865451
2580	0.282829	0.875289
2581	0.279653	0.881366
2582	0.279393	0.883970
2583	0.280951	0.876447
2584	0.292897	0.877604
2585	0.281245	0.875579
2586	0.270475	0.885127
2587	0.277338	0.888021
2588	0.291471	0.875000
2589	0.286204	0.872396
2590	0.274219	0.879919
2591	0.284279	0.873264
2592	0.278449	0.875289
2593	0.280758	0.874711
2594	0.317129	0.861690
2595	0.313698	0.853299
2596	0.341663	0.839120
2597	0.290231	0.868634
2598	0.310062	0.863137
2599	0.284620	0.868345
2600	0.294048	0.863715
2601	0.278300	0.876736
2602	0.293146	0.871528
2603	0.299852	0.863137
2604	0.296437	0.872975
2605	0.272724	0.880208
2606	0.284336	0.873264
2607	0.281057	0.872396
2608	0.295049	0.866898
2609	0.299276	0.860532
2610	0.304618	0.863715
2611	0.297873	0.866319
2612	0.289447	0.875289
2613	0.293013	0.869213
2614	0.298828	0.871817
2615	0.280519	0.873264
2616	0.280985	0.876447
2617	0.274464	0.882234
2618	0.278878	0.881944
2619	0.284421	0.871528
2620	0.299872	0.865451
2621	0.278598	0.879919
2622	0.275039	0.880498
2623	0.268676	0.885127
2624	0.272144	0.889757
2625	0.275901	0.885127
2626	0.266548	0.891493
2627	0.273903	0.886863
2628	0.306431	0.865451
2629	0.282688	0.872106
2630	0.315167	0.861400
2631	0.316608	0.853588
2632	0.318110	0.850984
2633	0.306390	0.848669
2634	0.334104	0.844329
2635	0.279837	0.875868
2636	0.287699	0.872106
2637	0.273059	0.883681
2638	0.273032	0.877894
2639	0.284878	0.872106
2640	0.270465	0.882812
2641	0.262487	0.890336
2642	0.260078	0.896123
2643	0.271260	0.882812
2644	0.284543	0.872975
2645	0.297230	0.868634
2646	0.300429	0.860822
2647	0.315195	0.850984
2648	0.333988	0.842593
2649	0.291653	0.866898
2650	0.284475	0.877315
2651	0.275958	0.880498
2652	0.281193	0.873843
2653	0.273631	0.883391
2654	0.274465	0.881944
2655	0.259880	0.891782
2656	0.270237	0.879630
2657	0.278617	0.878472
2658	0.307952	0.858796
2659	0.292040	0.872975
2660	0.304977	0.863137
2661	0.271543	0.880498
2662	0.281419	0.878762
2663	0.272885	0.883391
2664	0.284419	0.876736
2665	0.286958	0.871817
2666	0.288733	0.870660
2667	0.276083	0.874132
2668	0.317768	0.857060
2669	0.314420	0.859664
2670	0.300240	0.866030
2671	0.275778	0.878762
2672	0.278112	0.877894
2673	0.270366	0.885706
2674	0.278872	0.875579
2675	0.272159	0.880208
2676	0.260766	0.891204
2677	0.268567	0.882812
2678	0.287944	0.875289
2679	0.281002	0.872975
2680	0.298812	0.870660
2681	0.282585	0.877025
2682	0.304589	0.861400
2683	0.282688	0.869502
2684	0.283766	0.871817
2685	0.299323	0.870949
2686	0.305459	0.862269
2687	0.283591	0.870370
2688	0.293322	0.872975
2689	0.267867	0.881655
2690	0.271555	0.882812
2691	0.263048	0.892361
2692	0.255146	0.892650
2693	0.268685	0.883391
2694	0.311500	0.858796
2695	0.281476	0.873843
2696	0.283967	0.877315
2697	0.286065	0.871238
2698	0.300113	0.863426
2699	0.290059	0.872685
2700	0.272777	0.879630
2701	0.262646	0.888600
2702	0.264158	0.883681
2703	0.266313	0.882234
2704	0.296474	0.861111
2705	0.281512	0.870081
2706	0.291378	0.869792
2707	0.277036	0.871528
2708	0.294855	0.861690
2709	0.274357	0.877894
2710	0.266136	0.892361
2711	0.270295	0.884838
2712	0.277972	0.878183
2713	0.265795	0.886863
2714	0.268170	0.885127
2715	0.257613	0.892940
2716	0.254606	0.896412
2717	0.261075	0.889468
2718	0.279679	0.874132
2719	0.294649	0.866609
2720	0.304392	0.862847
2721	0.289397	0.866030
2722	0.296570	0.867766
2723	0.286525	0.866609
2724	0.302645	0.859954
2725	0.264043	0.885127
2726	0.285864	0.870081
2727	0.271565	0.879051
2728	0.281155	0.874421
2729	0.269003	0.883391
2730	0.268012	0.889178
2731	0.271015	0.879919
2732	0.283573	0.872975
2733	0.283018	0.868634
2734	0.307981	0.862847
2735	0.276660	0.874711
2736	0.279231	0.877025
2737	0.289727	0.871238
2738	0.286542	0.872396
2739	0.262223	0.890914
2740	0.264210	0.889757
2741	0.270138	0.885995
2742	0.262995	0.887153
2743	0.259716	0.885706
2744	0.263931	0.884838
2745	0.264969	0.887442
2746	0.264898	0.884838
2747	0.269973	0.883102
2748	0.279161	0.884259
2749	0.257623	0.890336
2750	0.294422	0.867188
2751	0.275361	0.875000
2752	0.319186	0.848669
2753	0.290634	0.868056
2754	0.281202	0.870660
2755	0.267603	0.880787
2756	0.265625	0.885417
2757	0.251406	0.892361
2758	0.262219	0.881944
2759	0.267701	0.883681
2760	0.269269	0.885127
2761	0.261397	0.885417
2762	0.249383	0.892361
2763	0.241128	0.899595
2764	0.251784	0.897569
2765	0.259187	0.884549
2766	0.288189	0.874421
2767	0.281829	0.871528
2768	0.293201	0.868634
2769	0.275436	0.875868
2770	0.294788	0.868634
2771	0.277296	0.870949
2772	0.287171	0.873264
2773	0.265412	0.877025
2774	0.293083	0.864294
2775	0.279711	0.876447
2776	0.275233	0.883391
2777	0.261413	0.894676
2778	0.268633	0.878762
2779	0.266206	0.883391
2780	0.290667	0.863715
2781	0.272972	0.883102
2782	0.289436	0.868345
2783	0.258664	0.882812
2784	0.266985	0.884838
2785	0.254417	0.888889
2786	0.263029	0.885706
2787	0.264387	0.885995
2788	0.269416	0.884838
2789	0.261843	0.885127
2790	0.276725	0.888310
2791	0.270969	0.880787
2792	0.274487	0.880208
2793	0.266870	0.882234
2794	0.287090	0.869502
2795	0.258374	0.883391
2796	0.272795	0.879919
2797	0.277150	0.872396
2798	0.324283	0.846933
2799	0.284741	0.869502
2800	0.275343	0.876736
2801	0.253825	0.888889
2802	0.260994	0.886285
2803	0.251523	0.889178
2804	0.243304	0.901910
2805	0.255173	0.890046
2806	0.273350	0.879051
2807	0.252612	0.892650
2808	0.280362	0.876736
2809	0.294475	0.866898
2810	0.289579	0.870660
2811	0.271506	0.877894
2812	0.281595	0.872396
2813	0.248866	0.891204
2814	0.252181	0.891782
2815	0.243705	0.897569
2816	0.258322	0.888310
2817	0.271859	0.880498
2818	0.270775	0.881076
2819	0.261214	0.881366
2820	0.270947	0.877025
2821	0.251056	0.890336
2822	0.253211	0.894097
2823	0.248529	0.896991
2824	0.247434	0.896123
2825	0.253209	0.885417
2826	0.247823	0.896991
2827	0.257228	0.893229
2828	0.248951	0.893229
2829	0.292568	0.872685
2830	0.275951	0.869792
2831	0.292786	0.863426
2832	0.256522	0.880498
2833	0.301210	0.861690
2834	0.270680	0.876157
2835	0.291240	0.866898
2836	0.259691	0.886285
2837	0.256165	0.894097
2838	0.248343	0.898727
2839	0.249654	0.887731
2840	0.236953	0.905093
2841	0.251312	0.891493
2842	0.245394	0.895833
2843	0.272695	0.881944
2844	0.251857	0.894965
2845	0.260774	0.886863
2846	0.253338	0.896123
2847	0.260573	0.884838
2848	0.246953	0.896701
2849	0.273109	0.885995
2850	0.295388	0.859954
2851	0.323865	0.848669
2852	0.283686	0.865451
2853	0.284794	0.870081
2854	0.277948	0.873553
2855	0.259503	0.886863
2856	0.254551	0.895544
2857	0.242532	0.902488
2858	0.236737	0.902199
2859	0.256065	0.892072
2860	0.233522	0.905382
2861	0.237584	0.902199
2862	0.241332	0.895255
2863	0.236502	0.899884
2864	0.234933	0.901910
2865	0.269411	0.884838
2866	0.259323	0.887442
2867	0.280548	0.875868
2868	0.248937	0.891204
2869	0.264434	0.885417
2870	0.301287	0.853009
2871	0.347135	0.831019
2872	0.296584	0.868056
2873	0.287435	0.872106
2874	0.244618	0.891782
2875	0.254115	0.887442
2876	0.242391	0.903646
2877	0.253821	0.890625
2878	0.244354	0.897569
2879	0.240690	0.897859
2880	0.233223	0.900174
2881	0.252708	0.890336
2882	0.241968	0.899016
2883	0.251188	0.898148
2884	0.252256	0.892650
2885	0.250967	0.888600
2886	0.237503	0.890046
2887	0.271185	0.877315
2888	0.296455	0.861400
2889	0.321084	0.840278
2890	0.284930	0.860243
2891	0.281447	0.873264
2892	0.231663	0.902199
2893	0.241320	0.899016
2894	0.234631	0.900752
2895	0.234985	0.903935
2896	0.233567	0.903067
2897	0.241461	0.897569
2898	0.258255	0.889468
2899	0.248425	0.888021
2900	0.267823	0.880787
2901	0.246020	0.890914
2902	0.242623	0.894965
2903	0.256709	0.881366
2904	0.274843	0.876736
2905	0.269802	0.873843
2906	0.292360	0.863426
2907	0.303203	0.851852
2908	0.293078	0.866319
2909	0.245498	0.888600
2910	0.246214	0.901331
2911	0.228595	0.907118
2912	0.225628	0.911748
2913	0.241963	0.898148
2914	0.234691	0.907118
2915	0.232817	0.906250
2916	0.227555	0.904803
2917	0.230136	0.907118
2918	0.242468	0.894097
2919	0.247486	0.896701
2920	0.252578	0.892072
2921	0.272166	0.879051
2922	0.274638	0.881655
2923	0.294280	0.857060
2924	0.307957	0.850694
2925	0.321384	0.846933
2926	0.277760	0.870660
2927	0.258660	0.883681
2928	0.226204	0.903356
2929	0.227001	0.907697
2930	0.233909	0.905671
2931	0.242860	0.891204
2932	0.236981	0.894676
2933	0.257573	0.886574
2934	0.277663	0.875000
2935	0.274370	0.872975
2936	0.252667	0.888889
2937	0.230490	0.905961
2938	0.238406	0.898727
2939	0.251408	0.888310
2940	0.261432	0.883102
2941	0.256240	0.883681
2942	0.278703	0.866898
2943	0.286834	0.866030
2944	0.246893	0.893808
2945	0.244953	0.891493
2946	0.233471	0.902199
2947	0.242537	0.900174
2948	0.237850	0.898438
2949	0.242849	0.896991
2950	0.245998	0.891782
2951	0.227416	0.903935
2952	0.257663	0.889468
2953	0.284429	0.866030
2954	0.286930	0.867477
2955	0.289548	0.863426
2956	0.261969	0.884549
2957	0.239757	0.898148
2958	0.235392	0.903935
2959	0.244050	0.895544
2960	0.239960	0.898148
2961	0.234839	0.901042
2962	0.232262	0.898438
2963	0.247184	0.890046
2964	0.244903	0.892650
2965	0.237706	0.898727
2966	0.240638	0.891493
2967	0.243092	0.898438
2968	0.252818	0.892940
2969	0.275877	0.875000
2970	0.249802	0.891204
2971	0.266336	0.881944
2972	0.247113	0.890914
2973	0.241222	0.894097
2974	0.232862	0.905671
2975	0.238649	0.892650
2976	0.257708	0.889757
2977	0.231325	0.904803
2978	0.229967	0.904225
2979	0.223811	0.906539
2980	0.226808	0.901910
2981	0.281105	0.874421
2982	0.284694	0.870081
2983	0.308262	0.849248
2984	0.273872	0.874132
2985	0.271488	0.875579
2986	0.240806	0.894676
2987	0.254125	0.885995
2988	0.224367	0.906829
2989	0.225409	0.907407
2990	0.230168	0.905671
2991	0.246500	0.899306
2992	0.236320	0.894676
2993	0.234452	0.903067
2994	0.220407	0.908565
2995	0.221426	0.909722
2996	0.230826	0.901910
2997	0.220564	0.908565
2998	0.234135	0.903067
2999	0.241800	0.899016
3000	0.297343	0.855324
Test result: Loss= 0.289406, Accuracy= 0.85735