########

## 	Model: LSTSM with N=128

########

1	2.145314	0.306713
2	2.143297	0.305266
3	2.142331	0.316551
4	2.143808	0.309028
5	2.143086	0.313368
6	2.142112	0.323495
7	2.141535	0.324653
8	2.140251	0.324363
9	2.139183	0.326100
10	2.139198	0.334491
11	2.139791	0.335069
12	2.138543	0.333623
13	2.138090	0.337384
14	2.134905	0.342882
15	2.139126	0.339120
16	2.134790	0.345775
17	2.136097	0.344618
18	2.133876	0.354745
19	2.132413	0.359954
20	2.132763	0.360532
21	2.132045	0.366609
22	2.130890	0.372685
23	2.130638	0.368056
24	2.129851	0.372975
25	2.130281	0.378472
26	2.128161	0.377315
27	2.126495	0.387153
28	2.126078	0.389468
29	2.124750	0.399595
30	2.125768	0.401620
31	2.121193	0.412616
32	2.121679	0.416377
33	2.122191	0.420718
34	2.119241	0.421875
35	2.119542	0.431713
36	2.118118	0.434028
37	2.117387	0.440394
38	2.114950	0.453125
39	2.112925	0.453704
40	2.112214	0.458044
41	2.112287	0.461227
42	2.110039	0.467303
43	2.108422	0.478009
44	2.105754	0.484664
45	2.104700	0.489294
46	2.103324	0.494213
47	2.102041	0.512442
48	2.099797	0.510995
49	2.099251	0.518808
50	2.097101	0.524884
51	2.093515	0.536748
52	2.093355	0.542824
53	2.091952	0.545139
54	2.085677	0.548900
55	2.086046	0.560764
56	2.084306	0.562211
57	2.081339	0.567419
58	2.078263	0.570023
59	2.076788	0.578125
60	2.075453	0.582755
61	2.070596	0.586806
62	2.068832	0.585069
63	2.065406	0.593171
64	2.065024	0.593171
65	2.059779	0.596933
66	2.057297	0.604167
67	2.054564	0.605903
68	2.051848	0.608796
69	2.049675	0.609375
70	2.044893	0.611111
71	2.041507	0.612269
72	2.037567	0.615162
73	2.034717	0.616898
74	2.032261	0.617766
75	2.029113	0.618634
76	2.025012	0.618924
77	2.020048	0.621238
78	2.018033	0.620081
79	2.011896	0.622685
80	2.008840	0.622975
81	2.004319	0.623843
82	2.000597	0.625000
83	1.996854	0.625000
84	1.990936	0.625289
85	1.985279	0.626447
86	1.982859	0.628183
87	1.977924	0.628183
88	1.971947	0.627604
89	1.968194	0.628762
90	1.963831	0.629051
91	1.957277	0.628762
92	1.951862	0.628762
93	1.946525	0.628183
94	1.943667	0.629340
95	1.938281	0.629051
96	1.933274	0.629630
97	1.925640	0.629340
98	1.919184	0.629630
99	1.913956	0.629630
100	1.908786	0.629630
101	1.903069	0.629630
102	1.896829	0.629630
103	1.888175	0.629630
104	1.879939	0.629630
105	1.874721	0.629630
106	1.869034	0.629630
107	1.860809	0.629630
108	1.855484	0.629630
109	1.845579	0.629630
110	1.840104	0.629630
111	1.830756	0.629630
112	1.823128	0.629630
113	1.812268	0.629630
114	1.806314	0.629630
115	1.796557	0.629630
116	1.788265	0.629630
117	1.780125	0.629630
118	1.768868	0.629630
119	1.759673	0.629630
120	1.749532	0.629630
121	1.737173	0.629630
122	1.728671	0.629630
123	1.716645	0.629630
124	1.706725	0.629630
125	1.696154	0.629630
126	1.683344	0.629630
127	1.670727	0.629630
128	1.659220	0.629630
129	1.647640	0.629630
130	1.632818	0.629630
131	1.619865	0.629630
132	1.607975	0.629630
133	1.592530	0.629630
134	1.581151	0.629630
135	1.568888	0.629630
136	1.554407	0.629630
137	1.542098	0.629630
138	1.527024	0.629630
139	1.516512	0.629630
140	1.501603	0.629630
141	1.491640	0.629630
142	1.479173	0.629630
143	1.464939	0.629630
144	1.452791	0.629630
145	1.442952	0.629630
146	1.433760	0.629630
147	1.425707	0.629630
148	1.413537	0.629630
149	1.404937	0.629630
150	1.397530	0.629630
151	1.388281	0.629630
152	1.378634	0.629630
153	1.370486	0.629630
154	1.364371	0.629630
155	1.352621	0.629630
156	1.344329	0.629630
157	1.335813	0.629630
158	1.328207	0.629630
159	1.317328	0.629630
160	1.306661	0.629630
161	1.298453	0.629630
162	1.286897	0.629630
163	1.274040	0.629630
164	1.262724	0.629630
165	1.247620	0.629630
166	1.231970	0.629630
167	1.214338	0.629630
168	1.195427	0.629630
169	1.176869	0.629630
170	1.156961	0.629630
171	1.160095	0.629630
172	1.177722	0.629630
173	1.122839	0.629630
174	1.107472	0.629630
175	1.101187	0.629630
176	1.094918	0.629630
177	1.124152	0.629630
178	1.063936	0.629630
179	1.055633	0.629630
180	1.050346	0.629630
181	1.081147	0.629630
182	1.141016	0.629630
183	1.073268	0.629630
184	1.025725	0.629630
185	1.018403	0.629630
186	1.012194	0.629630
187	1.012919	0.629630
188	1.042625	0.629630
189	1.007412	0.629630
190	1.042751	0.629630
191	0.989614	0.629630
192	0.996314	0.629630
193	1.016656	0.629630
194	1.089798	0.629630
195	1.010790	0.629630
196	0.971927	0.629630
197	0.973450	0.629630
198	0.977118	0.629630
199	1.019541	0.629630
200	0.954964	0.629630
201	0.952172	0.629630
202	0.955341	0.629630
203	1.002947	0.629630
204	0.952459	0.629630
205	0.998067	0.629630
206	0.944300	0.629630
207	0.974058	0.629630
208	0.956733	0.629630
209	1.022088	0.629630
210	0.930344	0.629630
211	0.932754	0.629630
212	0.965883	0.629630
213	0.940434	0.629630
214	0.994196	0.629630
215	0.914351	0.629630
216	0.913056	0.629630
217	0.918580	0.629630
218	0.953694	0.629630
219	0.950945	0.629630
220	1.034301	0.629630
221	0.930370	0.629630
222	0.918863	0.629630
223	0.951530	0.629919
224	0.908311	0.629630
225	0.925459	0.629630
226	0.917938	0.629630
227	0.965543	0.629630
228	0.892538	0.629630
229	0.894208	0.629630
230	0.902887	0.629630
231	0.942959	0.632234
232	0.909240	0.629630
233	0.960786	0.631076
234	0.886659	0.629630
235	0.895583	0.631944
236	0.911206	0.629919
237	0.975226	0.636574
238	0.877323	0.631366
239	0.875144	0.630787
240	0.871294	0.633102
241	0.869721	0.637153
242	0.870883	0.638600
243	0.881704	0.647280
244	0.976162	0.636285
245	1.075021	0.645833
246	0.967925	0.652488
247	0.868164	0.641782
248	0.866934	0.641204
249	0.866946	0.648148
250	0.869371	0.646701
251	0.883018	0.658854
252	0.893380	0.644965
253	0.955612	0.667245
254	0.858899	0.649306
255	0.860728	0.656250
256	0.863621	0.653646
257	0.889850	0.665799
258	0.903546	0.651620
259	0.980743	0.673611
260	0.853494	0.660590
261	0.852864	0.657697
262	0.855091	0.665220
263	0.861325	0.661169
264	0.897115	0.676505
265	0.896847	0.655382
266	0.968219	0.680266
267	0.844796	0.669271
268	0.842567	0.662037
269	0.842275	0.669560
270	0.840525	0.671007
271	0.844318	0.669560
272	0.864263	0.664062
273	0.951484	0.676215
274	0.858683	0.662037
275	0.901587	0.678819
276	0.869835	0.660012
277	0.912427	0.677662
278	0.849725	0.660880
279	0.862108	0.670428
280	0.856712	0.662326
281	0.883322	0.673032
282	0.856918	0.663194
283	0.880667	0.672743
284	0.851651	0.658854
285	0.869810	0.678819
286	0.849693	0.663773
287	0.867924	0.677373
288	0.851932	0.661748
289	0.868347	0.675926
290	0.848013	0.664352
291	0.865329	0.675637
292	0.846123	0.662037
293	0.860725	0.679109
294	0.844693	0.661748
295	0.859660	0.676505
296	0.840834	0.666956
297	0.856117	0.670718
298	0.838481	0.663194
299	0.853227	0.682002
300	0.839935	0.664641
301	0.850748	0.682870
302	0.838875	0.663194
303	0.850525	0.675347
304	0.833947	0.672454
305	0.846399	0.670718
306	0.832690	0.664931
307	0.844272	0.676505
308	0.834235	0.663484
309	0.841864	0.673611
310	0.827091	0.672164
311	0.838255	0.672454
312	0.826836	0.671586
313	0.839527	0.676215
314	0.830042	0.666088
315	0.842494	0.672743
316	0.827898	0.669560
317	0.836299	0.681424
318	0.823301	0.668692
319	0.827241	0.676505
320	0.819229	0.674190
321	0.823837	0.676215
322	0.817401	0.671875
323	0.823617	0.677083
324	0.822102	0.668403
325	0.836258	0.674479
326	0.832077	0.665220
327	0.849531	0.676505
328	0.827017	0.667535
329	0.829178	0.673032
330	0.812178	0.662326
331	0.808813	0.674190
332	0.802218	0.669271
333	0.802095	0.676794
334	0.802921	0.672164
335	0.805881	0.680266
336	0.814904	0.665799
337	0.846221	0.675058
338	0.879991	0.662326
339	0.927145	0.665799
340	0.801884	0.663194
341	0.797389	0.671875
342	0.795933	0.675637
343	0.795676	0.667824
344	0.794285	0.677951
345	0.792771	0.666956
346	0.791091	0.679109
347	0.791636	0.673032
348	0.790818	0.672743
349	0.788696	0.679398
350	0.789219	0.671007
351	0.786892	0.679977
352	0.788401	0.674769
353	0.789127	0.678241
354	0.807078	0.673322
355	1.081166	0.660590
356	1.112350	0.603588
357	0.814609	0.673611
358	0.790528	0.678530
359	0.792342	0.668692
360	0.789929	0.675926
361	0.788210	0.678819
362	0.789057	0.673900
363	0.788674	0.673611
364	0.788754	0.674479
365	0.787233	0.677662
366	0.786822	0.675926
367	0.786489	0.669850
368	0.786557	0.675637
369	0.784907	0.675058
370	0.786131	0.667245
371	0.784897	0.675347
372	0.784663	0.670718
373	0.784546	0.673322
374	0.784791	0.670428
375	0.783505	0.674479
376	0.783081	0.677951
377	0.784022	0.677373
378	0.782269	0.673900
379	0.786587	0.685475
380	0.830293	0.668113
381	1.122201	0.598669
382	0.862668	0.675058
383	0.861903	0.675058
384	0.790148	0.678241
385	0.786574	0.671007
386	0.786948	0.667245
387	0.786778	0.668692
388	0.784657	0.674479
389	0.784776	0.672743
390	0.784886	0.676794
391	0.784209	0.671007
392	0.784166	0.673322
393	0.783573	0.671875
394	0.782533	0.681424
395	0.781705	0.677662
396	0.783642	0.673900
397	0.782479	0.670139
398	0.780115	0.681424
399	0.779838	0.686343
400	0.780076	0.678530
401	0.779891	0.677373
402	0.781306	0.679109
403	0.783060	0.670139
404	0.803751	0.678241
405	1.181640	0.660301
406	1.153824	0.607350
407	0.806579	0.678530
408	0.785861	0.673900
409	0.783199	0.678530
410	0.781785	0.686632
411	0.783244	0.675637
412	0.782018	0.672454
413	0.782382	0.684896
414	0.781253	0.679977
415	0.781453	0.673611
416	0.780252	0.681134
417	0.779760	0.678241
418	0.780292	0.677662
419	0.780132	0.679977
420	0.780423	0.683738
421	0.780516	0.677083
422	0.778918	0.681424
423	0.779498	0.679109
424	0.778844	0.680556
425	0.779553	0.675637
426	0.777647	0.681713
427	0.779229	0.677373
428	0.778229	0.674479
429	0.778873	0.679688
430	0.776357	0.680266
431	0.776789	0.678241
432	0.777808	0.677662
433	0.778443	0.675637
434	0.776656	0.681713
435	0.775996	0.677951
436	0.777046	0.676215
437	0.776919	0.683449
438	0.785070	0.673900
439	0.984807	0.629051
440	1.900053	0.642361
441	0.953204	0.635127
442	0.805640	0.679688
443	0.787744	0.681713
444	0.783200	0.677083
445	0.781814	0.674479
446	0.781058	0.677951
447	0.779788	0.678819
448	0.778008	0.685764
449	0.778826	0.678530
450	0.778008	0.681424
451	0.778011	0.683738
452	0.777893	0.677662
453	0.777333	0.681424
454	0.777414	0.679109
455	0.777149	0.677373
456	0.777347	0.684606
457	0.777545	0.673611
458	0.777895	0.672454
459	0.778221	0.679398
460	0.777463	0.675926
461	0.777115	0.680845
462	0.777356	0.677662
463	0.776828	0.677083
464	0.777097	0.678530
465	0.777559	0.668692
466	0.776744	0.678819
467	0.776514	0.677373
468	0.775541	0.681424
469	0.774570	0.684317
470	0.775766	0.678530
471	0.776405	0.678241
472	0.774983	0.678241
473	0.776539	0.675637
474	0.774687	0.682581
475	0.775642	0.681713
476	0.774579	0.680266
477	0.774184	0.681424
478	0.774834	0.680556
479	0.773400	0.683160
480	0.774355	0.677951
481	0.773203	0.678241
482	0.772940	0.681134
483	0.773465	0.679109
484	0.772356	0.677373
485	0.771213	0.677373
486	0.773017	0.682292
487	0.771515	0.675347
488	0.775280	0.679109
489	0.868230	0.668113
490	1.462355	0.577546
491	0.777613	0.675926
492	0.775590	0.677083
493	0.776114	0.682002
494	0.776661	0.678819
495	0.776778	0.679688
496	0.775631	0.676794
497	0.775058	0.682002
498	0.776019	0.674769
499	0.775635	0.679109
500	0.774684	0.682002
501	0.775623	0.677083
502	0.774853	0.676794
503	0.775345	0.678241
504	0.775245	0.674479
505	0.774693	0.675926
506	0.774588	0.680266
507	0.774229	0.679398
508	0.774617	0.678530
509	0.774141	0.679109
510	0.773187	0.681134
511	0.773263	0.684606
512	0.774669	0.673032
513	0.772875	0.679688
514	0.773556	0.673322
515	0.773619	0.679398
516	0.771684	0.680845
517	0.771996	0.675347
518	0.772827	0.682292
519	0.776196	0.679398
520	0.876932	0.654514
521	2.742937	0.630498
522	0.867022	0.673322
523	0.796554	0.678241
524	0.787340	0.675058
525	0.782096	0.680556
526	0.779431	0.676794
527	0.778907	0.676215
528	0.777837	0.674769
529	0.777892	0.681424
530	0.777080	0.677373
531	0.775585	0.681713
532	0.775766	0.678819
533	0.776857	0.672743
534	0.775363	0.679109
535	0.775279	0.676215
536	0.775669	0.679109
537	0.775237	0.681134
538	0.775035	0.679977
539	0.774725	0.677662
540	0.774512	0.679109
541	0.773877	0.679688
542	0.775556	0.677373
543	0.775075	0.679688
544	0.774925	0.675637
545	0.774211	0.677083
546	0.775313	0.677951
547	0.775014	0.677951
548	0.774544	0.678819
549	0.774424	0.681134
550	0.773205	0.684896
551	0.774982	0.677373
552	0.773943	0.673900
553	0.774693	0.675926
554	0.773272	0.679688
555	0.773410	0.685185
556	0.773996	0.680556
557	0.773302	0.677083
558	0.773900	0.677662
559	0.773601	0.676215
560	0.771818	0.678241
561	0.772486	0.679109
562	0.772504	0.681713
563	0.772981	0.677373
564	0.774184	0.671007
565	0.772017	0.679688
566	0.771883	0.682292
567	0.771782	0.682292
568	0.771050	0.687211
569	0.771771	0.677951
570	0.770616	0.683449
571	0.771640	0.681713
572	0.772481	0.675058
573	0.771725	0.675637
574	0.770851	0.674769
575	0.771441	0.680556
576	0.773318	0.674769
577	0.776693	0.675347
578	0.952787	0.644676
579	3.184293	0.629630
580	0.879628	0.645544
581	0.789333	0.679109
582	0.782618	0.676215
583	0.778567	0.676505
584	0.778128	0.675347
585	0.775968	0.679109
586	0.775405	0.682002
587	0.775375	0.677662
588	0.774612	0.679398
589	0.773524	0.684317
590	0.774612	0.679977
591	0.772737	0.681134
592	0.774163	0.680556
593	0.772465	0.685185
594	0.773401	0.675347
595	0.773374	0.679688
596	0.774370	0.676215
597	0.771702	0.684606
598	0.773052	0.675926
599	0.772931	0.682002
600	0.772928	0.678241
601	0.773091	0.675347
602	0.773988	0.673322
603	0.773145	0.679688
604	0.771861	0.681713
605	0.773524	0.675926
606	0.773179	0.679977
607	0.773271	0.679398
608	0.772946	0.679109
609	0.772721	0.671296
610	0.772362	0.679398
611	0.772394	0.677951
612	0.772885	0.682870
613	0.771959	0.683160
614	0.773364	0.677662
615	0.772699	0.673900
616	0.772053	0.676794
617	0.771766	0.679688
618	0.771240	0.682870
619	0.772009	0.677951
620	0.773420	0.676215
621	0.771796	0.681713
622	0.771818	0.682581
623	0.771477	0.679109
624	0.772422	0.679977
625	0.771197	0.685185
626	0.771156	0.685764
627	0.771598	0.682002
628	0.769997	0.683738
629	0.771528	0.679688
630	0.771718	0.678241
631	0.771769	0.678819
632	0.772058	0.676215
633	0.771137	0.679688
634	0.772118	0.678819
635	0.770945	0.677083
636	0.769522	0.682870
637	0.769909	0.679109
638	0.771065	0.681424
639	0.769952	0.684896
640	0.770198	0.682581
641	0.771896	0.675926
642	0.770249	0.686343
643	0.771122	0.673322
644	0.773150	0.680556
645	0.809243	0.670428
646	1.586321	0.572338
647	0.775415	0.677083
648	0.773217	0.678530
649	0.773194	0.685185
650	0.772832	0.678819
651	0.772838	0.683449
652	0.772510	0.677373
653	0.773340	0.681713
654	0.772292	0.684317
655	0.773087	0.678819
656	0.772167	0.681424
657	0.772140	0.677662
658	0.772755	0.675347
659	0.772334	0.678241
660	0.771338	0.684606
661	0.771808	0.678241
662	0.772018	0.683449
663	0.772523	0.678819
664	0.771990	0.678819
665	0.771351	0.680556
666	0.772696	0.675637
667	0.772554	0.676505
668	0.772113	0.675926
669	0.771058	0.677373
670	0.771377	0.679109
671	0.771575	0.677083
672	0.771978	0.677662
673	0.771271	0.681424
674	0.771079	0.677083
675	0.770510	0.681134
676	0.770667	0.681424
677	0.769326	0.685475
678	0.770750	0.680845
679	0.769791	0.684896
680	0.770265	0.682870
681	0.770842	0.682581
682	0.771109	0.682870
683	0.783169	0.673322
684	1.455013	0.567708
685	0.794718	0.672164
686	0.790729	0.679109
687	0.774889	0.679977
688	0.772259	0.670718
689	0.772605	0.681713
690	0.772394	0.681713
691	0.772843	0.677662
692	0.772311	0.678530
693	0.771950	0.682870
694	0.772662	0.673611
695	0.772054	0.680556
696	0.772559	0.676505
697	0.772578	0.677083
698	0.771694	0.683738
699	0.772880	0.677083
700	0.772657	0.671586
701	0.772662	0.675637
702	0.772213	0.675058
703	0.772179	0.679109
704	0.771994	0.682002
705	0.770726	0.675347
706	0.771873	0.679977
707	0.771196	0.677951
708	0.770640	0.682581
709	0.770533	0.684896
710	0.770499	0.680845
711	0.771312	0.678241
712	0.771578	0.679688
713	0.771246	0.679398
714	0.770248	0.685764
715	0.770506	0.679109
716	0.770756	0.680266
717	0.771800	0.677083
718	0.772193	0.676215
719	0.771904	0.679977
720	0.772155	0.678530
721	0.805894	0.680845
722	3.016086	0.630787
723	0.824613	0.677373
724	0.786002	0.674479
725	0.782091	0.674479
726	0.779651	0.681424
727	0.777599	0.675637
728	0.777114	0.676215
729	0.775725	0.681134
730	0.775516	0.676794
731	0.774043	0.679109
732	0.774674	0.677951
733	0.772834	0.680556
734	0.773612	0.680556
735	0.773004	0.679109
736	0.773560	0.677662
737	0.772931	0.682870
738	0.773392	0.672743
739	0.771921	0.682870
740	0.772037	0.677662
741	0.771698	0.680556
742	0.772493	0.676505
743	0.772506	0.674769
744	0.772291	0.680845
745	0.771856	0.682002
746	0.772621	0.678819
747	0.771141	0.681424
748	0.772396	0.674479
749	0.772499	0.675058
750	0.771776	0.685185
751	0.771446	0.680266
752	0.772688	0.674479
753	0.772317	0.676215
754	0.769586	0.684896
755	0.770846	0.677662
756	0.772348	0.675926
757	0.770665	0.677662
758	0.771452	0.680556
759	0.771535	0.676505
760	0.770961	0.677662
761	0.770370	0.678819
762	0.771739	0.673611
763	0.770623	0.680556
764	0.770996	0.683449
765	0.770483	0.682581
766	0.770263	0.684028
767	0.771738	0.674769
768	0.771416	0.676215
769	0.771627	0.679109
770	0.771793	0.677373
771	0.769244	0.686343
772	0.770886	0.683449
773	0.771161	0.679398
774	0.770047	0.682292
775	0.770547	0.677373
776	0.771361	0.677662
777	0.770478	0.676215
778	0.770544	0.675926
779	0.771051	0.679977
780	0.770504	0.678819
781	0.770275	0.682870
782	0.769321	0.680556
783	0.769476	0.683738
784	0.769465	0.681713
785	0.770035	0.675926
786	0.769769	0.682292
787	0.769879	0.677083
788	0.769662	0.677373
789	0.769832	0.682292
790	0.770055	0.681713
791	0.770136	0.678819
792	0.769478	0.684606
793	0.769672	0.681713
794	0.769640	0.680845
795	0.769521	0.682292
796	0.768426	0.686053
797	0.769870	0.679688
798	0.769513	0.683449
799	0.771076	0.677662
800	0.777621	0.671007
801	1.483337	0.567419
802	0.861524	0.664062
803	0.882676	0.673900
804	0.773873	0.678241
805	0.773377	0.676794
806	0.772252	0.678241
807	0.772209	0.677662
808	0.772137	0.679109
809	0.771609	0.681134
810	0.771911	0.678530
811	0.771886	0.674769
812	0.772399	0.676794
813	0.771867	0.680266
814	0.771308	0.678241
815	0.771369	0.683160
816	0.771550	0.680556
817	0.771521	0.675347
818	0.772030	0.676215
819	0.771424	0.680266
820	0.771744	0.677373
821	0.771823	0.676215
822	0.771202	0.681713
823	0.770916	0.679109
824	0.770584	0.683449
825	0.771614	0.677662
826	0.771380	0.676505
827	0.770806	0.682581
828	0.770704	0.685475
829	0.770625	0.679688
830	0.771062	0.675637
831	0.771047	0.675347
832	0.770658	0.678819
833	0.770873	0.676794
834	0.770255	0.680266
835	0.769991	0.679688
836	0.770579	0.679398
837	0.769985	0.686053
838	0.770522	0.677662
839	0.770316	0.682581
840	0.770148	0.679688
841	0.769170	0.682002
842	0.770830	0.675637
843	0.769752	0.682581
844	0.769693	0.682870
845	0.769028	0.686632
846	0.769871	0.680845
847	0.768796	0.682581
848	0.770597	0.674190
849	0.769976	0.681713
850	0.769693	0.683449
851	0.770156	0.677951
852	0.768802	0.680556
853	0.770587	0.675058
854	0.768848	0.682870
855	0.770131	0.683449
856	0.769356	0.678241
857	0.769493	0.675058
858	0.768843	0.684028
859	0.769703	0.680266
860	0.768653	0.685475
861	0.769859	0.681713
862	0.772094	0.679688
863	1.453622	0.658275
864	1.080512	0.600984
865	0.772239	0.676794
866	0.772245	0.679977
867	0.771993	0.677951
868	0.771719	0.677373
869	0.771501	0.676794
870	0.771066	0.682002
871	0.771456	0.680845
872	0.772794	0.677662
873	0.770986	0.677951
874	0.771208	0.677373
875	0.771254	0.678819
876	0.770390	0.682002
877	0.771280	0.679688
878	0.770944	0.677083
879	0.771153	0.677662
880	0.771211	0.678241
881	0.771338	0.679977
882	0.770358	0.682002
883	0.771608	0.677373
884	0.769979	0.677083
885	0.770222	0.673322
886	0.770331	0.680556
887	0.771495	0.676794
888	0.770688	0.679109
889	0.771196	0.674479
890	0.770884	0.679398
891	0.770915	0.677951
892	0.770632	0.679977
893	0.770908	0.680266
894	0.771069	0.679109
895	0.770941	0.679109
896	0.771091	0.677083
897	0.770806	0.676505
898	0.769774	0.686632
899	0.770580	0.679977
900	0.770897	0.677373
901	0.769824	0.679977
902	0.770109	0.682292
903	0.768747	0.691551
904	0.770628	0.681424
905	0.770291	0.678241
906	0.770290	0.685185
907	0.770409	0.681134
908	0.770035	0.685185
909	0.771049	0.675926
910	0.769897	0.679977
911	0.770358	0.679109
912	0.769498	0.678241
913	0.769346	0.687211
914	0.770880	0.677662
915	0.770082	0.684317
916	0.770303	0.682002
917	0.771117	0.675637
918	0.770460	0.679977
919	0.769436	0.690394
920	0.769487	0.683738
921	0.770164	0.678241
922	0.770155	0.677373
923	0.769629	0.682870
924	0.769778	0.684028
925	0.769508	0.684317
926	0.768948	0.681713
927	0.768854	0.682292
928	0.770051	0.678530
929	0.769458	0.687211
930	0.769863	0.679109
931	0.769323	0.677951
932	0.768545	0.686053
933	0.770250	0.678241
934	0.769575	0.682581
935	0.769596	0.679688
936	0.770362	0.675347
937	0.786928	0.681134
938	4.642164	0.629630
939	0.772796	0.682870
940	0.772930	0.674769
941	0.771739	0.677951
942	0.772307	0.680845
943	0.771892	0.682002
944	0.772169	0.678530
945	0.772351	0.679109
946	0.772624	0.674769
947	0.771936	0.679398
948	0.771725	0.674190
949	0.771037	0.682002
950	0.771087	0.678819
951	0.771274	0.682581
952	0.771866	0.677373
953	0.770576	0.676794
954	0.770701	0.679109
955	0.770391	0.677662
956	0.770219	0.689525
957	0.770121	0.683160
958	0.770486	0.682292
959	0.771136	0.675347
960	0.770313	0.679977
961	0.770992	0.679109
962	0.769919	0.683160
963	0.770819	0.680556
964	0.770998	0.680845
965	0.769835	0.680845
966	0.769703	0.681424
967	0.769520	0.684028
968	0.771124	0.679977
969	0.771042	0.676505
970	0.769888	0.681713
971	0.770036	0.683449
972	0.770128	0.679977
973	0.771542	0.675637
974	0.769842	0.680845
975	0.770553	0.675926
976	0.770266	0.675347
977	0.770916	0.679109
978	0.770185	0.676794
979	0.769959	0.681134
980	0.769380	0.687500
981	0.770424	0.679688
982	0.770414	0.678819
983	0.770137	0.682292
984	0.769782	0.681713
985	0.769209	0.684606
986	0.769105	0.685185
987	0.770256	0.677083
988	0.769971	0.679398
989	0.770556	0.675347
990	0.769351	0.679977
991	0.769728	0.683738
992	0.768412	0.683449
993	0.770367	0.678241
994	0.770372	0.686343
995	0.769740	0.678241
996	0.770493	0.676794
997	0.769946	0.683449
998	0.769408	0.684317
999	0.769371	0.680845
1000	0.769172	0.684606
1001	0.768776	0.687211
1002	0.769429	0.684317
1003	0.769126	0.683738
1004	0.768462	0.687789
1005	0.770556	0.682292
1006	0.768629	0.680845
1007	0.770247	0.679688
1008	0.769047	0.680266
1009	0.769972	0.682581
1010	0.769689	0.682870
1011	0.768354	0.688368
1012	0.769160	0.680266
1013	0.769164	0.682581
1014	0.769973	0.677373
1015	0.769184	0.687500
1016	0.769624	0.677373
1017	0.769509	0.683449
1018	0.769529	0.686053
1019	0.768438	0.679109
1020	0.769770	0.682581
1021	0.768560	0.684317
1022	0.770143	0.677373
1023	0.771866	0.679977
1024	0.868510	0.670718
1025	1.360014	0.574363
1026	0.771726	0.675058
1027	0.771248	0.680845
1028	0.770914	0.675347
1029	0.771546	0.672454
1030	0.770974	0.682002
1031	0.769994	0.688947
1032	0.771557	0.679109
1033	0.771009	0.681134
1034	0.771104	0.677951
1035	0.771286	0.675058
1036	0.771008	0.677373
1037	0.771051	0.682292
1038	0.770295	0.678819
1039	0.769740	0.688368
1040	0.771269	0.677662
1041	0.769568	0.686632
1042	0.770933	0.681713
1043	0.770128	0.678819
1044	0.770946	0.677662
1045	0.770388	0.677373
1046	0.770369	0.683738
1047	0.770661	0.675058
1048	0.770759	0.677373
1049	0.770956	0.677373
1050	0.771154	0.681424
1051	0.770394	0.680845
1052	0.769540	0.683738
1053	0.769824	0.680556
1054	0.769927	0.684028
1055	0.770696	0.681713
1056	0.770735	0.674190
1057	0.770461	0.677373
1058	0.769957	0.678241
1059	0.769976	0.684606
1060	0.769094	0.684606
1061	0.770299	0.682870
1062	0.770809	0.675926
1063	0.769682	0.683160
1064	0.769492	0.682292
1065	0.769547	0.686921
1066	0.769511	0.682002
1067	0.770444	0.678241
1068	0.770490	0.684317
1069	0.770290	0.681134
1070	0.769242	0.679688
1071	0.769556	0.682870
1072	0.770088	0.678819
1073	0.769276	0.684317
1074	0.769772	0.683738
1075	0.770203	0.681713
1076	0.770036	0.677083
1077	0.768918	0.683449
1078	0.769034	0.681424
1079	0.769264	0.684028
1080	0.770058	0.682292
1081	0.768794	0.685185
1082	0.768907	0.681713
1083	0.769189	0.681713
1084	0.770139	0.679398
1085	0.770005	0.677083
1086	0.768392	0.685475
1087	0.769703	0.679688
1088	0.769348	0.677662
1089	0.769870	0.675058
1090	0.771750	0.678530
1091	1.190786	0.607060
1092	1.000789	0.665799
1093	0.793649	0.679398
1094	0.773084	0.676215
1095	0.771714	0.683160
1096	0.771991	0.682581
1097	0.771396	0.677373
1098	0.772350	0.681713
1099	0.771391	0.682870
1100	0.771087	0.677951
1101	0.771037	0.682870
1102	0.770956	0.679398
1103	0.770981	0.677373
1104	0.770787	0.681134
1105	0.770319	0.683738
1106	0.771133	0.671875
1107	0.771119	0.679109
1108	0.771002	0.672454
1109	0.770255	0.682292
1110	0.769776	0.687211
1111	0.769431	0.685475
1112	0.769760	0.683449
1113	0.770488	0.686343
1114	0.770310	0.677951
1115	0.769929	0.683160
1116	0.769961	0.684028
1117	0.770377	0.671296
1118	0.770361	0.675058
1119	0.770349	0.677083
1120	0.770336	0.680556
1121	0.770746	0.682581
1122	0.770406	0.679398
1123	0.769981	0.683449
1124	0.770092	0.683449
1125	0.769547	0.680266
1126	0.770175	0.676794
1127	0.770259	0.679109
1128	0.770094	0.683160
1129	0.770262	0.683160
1130	0.769833	0.681134
1131	0.769628	0.680266
1132	0.770870	0.676215
1133	0.769929	0.681424
1134	0.770192	0.678819
1135	0.770280	0.678530
1136	0.769674	0.681424
1137	0.769723	0.688079
1138	0.770057	0.676505
1139	0.769914	0.671296
1140	0.769769	0.682870
1141	0.769667	0.674479
1142	0.769614	0.682292
1143	0.769973	0.675926
1144	0.769979	0.679398
1145	0.769881	0.676215
1146	0.769840	0.682581
1147	0.769631	0.682581
1148	0.769960	0.679688
1149	0.770250	0.679398
1150	0.769073	0.680556
1151	0.769163	0.684606
1152	0.768636	0.686921
1153	0.770298	0.677951
1154	0.769809	0.680266
1155	0.768822	0.683738
1156	0.769736	0.683449
1157	0.768807	0.684028
1158	0.768976	0.681424
1159	0.769381	0.687211
1160	0.768035	0.688657
1161	0.769496	0.675926
1162	0.769688	0.682581
1163	0.774415	0.679688
1164	1.355422	0.581597
1165	0.786408	0.673322
1166	0.771463	0.679398
1167	0.770337	0.677951
1168	0.770190	0.684317
1169	0.770260	0.679977
1170	0.770583	0.677662
1171	0.770306	0.675637
1172	0.771092	0.675058
1173	0.770849	0.676505
1174	0.770609	0.677083
1175	0.769202	0.687211
1176	0.769185	0.681424
1177	0.770646	0.672743
1178	0.770579	0.676215
1179	0.770892	0.678241
1180	0.770132	0.681424
1181	0.769893	0.682292
1182	0.770371	0.681134
1183	0.769668	0.680556
1184	0.770482	0.679109
1185	0.770137	0.683738
1186	0.770211	0.679688
1187	0.769998	0.677373
1188	0.769482	0.684606
1189	0.770190	0.680845
1190	0.770437	0.674479
1191	0.770121	0.681424
1192	0.769823	0.676215
1193	0.769778	0.686053
1194	0.770154	0.683449
1195	0.769664	0.681713
1196	0.770173	0.679109
1197	0.769057	0.686053
1198	0.769389	0.678241
1199	0.770179	0.677662
1200	0.769486	0.686921
1201	0.769939	0.678530
1202	0.769380	0.683738
1203	0.769575	0.677662
1204	0.770326	0.678241
1205	0.769710	0.682292
1206	0.769705	0.676505
1207	0.768935	0.682581
1208	0.769291	0.688657
1209	0.769638	0.680845
1210	0.769590	0.685475
1211	0.769174	0.681424
1212	0.769266	0.682581
1213	0.769462	0.678530
1214	0.770057	0.677951
1215	0.769310	0.684606
1216	0.769328	0.684896
1217	0.768889	0.685185
1218	0.769935	0.676505
1219	0.769858	0.679398
1220	0.769703	0.682292
1221	0.769543	0.686921
1222	0.769975	0.672454
1223	0.769341	0.682581
1224	0.769422	0.686343
1225	0.769406	0.684606
1226	0.769024	0.683160
1227	0.769542	0.677951
1228	0.769581	0.682292
1229	0.769296	0.680556
1230	0.768629	0.682292
1231	0.769466	0.683449
1232	0.769449	0.683160
1233	0.769030	0.682292
1234	0.768433	0.686343
1235	0.768508	0.682870
1236	0.769250	0.682870
1237	0.770441	0.676794
1238	0.769091	0.681713
1239	0.779392	0.681134
1240	2.584549	0.644387
1241	0.786808	0.671007
1242	0.775209	0.679109
1243	0.773403	0.679398
1244	0.772542	0.679688
1245	0.771432	0.685764
1246	0.772095	0.673900
1247	0.771935	0.680556
1248	0.771733	0.677951
1249	0.771756	0.675058
1250	0.770806	0.678241
1251	0.771107	0.679977
1252	0.771035	0.673900
1253	0.771138	0.679977
1254	0.771042	0.674190
1255	0.770881	0.677083
1256	0.770491	0.682002
1257	0.770751	0.680556
1258	0.770788	0.678819
1259	0.771238	0.678530
1260	0.770038	0.684896
1261	0.770064	0.679977
1262	0.769805	0.685475
1263	0.769868	0.686343
1264	0.770933	0.679398
1265	0.770130	0.680845
1266	0.770525	0.676794
1267	0.770750	0.677951
1268	0.770575	0.676794
1269	0.770298	0.677373
1270	0.769652	0.680845
1271	0.770196	0.675347
1272	0.769541	0.680845
1273	0.770151	0.679109
1274	0.770544	0.676794
1275	0.769810	0.683160
1276	0.770369	0.675926
1277	0.769772	0.678241
1278	0.769395	0.678241
1279	0.769795	0.680266
1280	0.769276	0.682581
1281	0.770549	0.675637
1282	0.769950	0.680556
1283	0.769365	0.682581
1284	0.770397	0.673900
1285	0.769712	0.678241
1286	0.770156	0.677373
1287	0.769942	0.678241
1288	0.770214	0.677373
1289	0.769386	0.683738
1290	0.769534	0.682870
1291	0.770051	0.677662
1292	0.768612	0.684896
1293	0.770242	0.679398
1294	0.769199	0.680556
1295	0.769763	0.681134
1296	0.769736	0.683738
1297	0.769517	0.684317
1298	0.769167	0.685764
1299	0.769210	0.682581
1300	0.770201	0.677083
1301	0.769336	0.681134
1302	0.769343	0.678530
1303	0.769729	0.674769
1304	0.769362	0.684028
1305	0.769208	0.685764
1306	0.770241	0.673900
1307	0.770239	0.674769
1308	0.770328	0.677662
1309	0.768789	0.686632
1310	0.769687	0.677373
1311	0.768967	0.688079
1312	0.769191	0.681713
1313	0.768581	0.683160
1314	0.769389	0.682002
1315	0.768914	0.685475
1316	0.768899	0.679109
1317	0.769469	0.679398
1318	0.769084	0.683449
1319	0.769648	0.677373
1320	0.770430	0.676215
1321	0.768866	0.684028
1322	0.769000	0.686632
1323	0.769623	0.682292
1324	0.768755	0.683160
1325	0.767803	0.687500
1326	0.767953	0.686921
1327	0.768876	0.684317
1328	0.769395	0.682870
1329	0.770107	0.681713
1330	0.769217	0.679688
1331	0.769599	0.681713
1332	0.769527	0.683449
1333	0.768280	0.680556
1334	0.769578	0.679398
1335	0.768539	0.689815
1336	0.769470	0.679977
1337	0.768993	0.682870
1338	0.769320	0.679688
1339	0.769749	0.680556
1340	0.768715	0.679977
1341	0.770075	0.679688
1342	0.769231	0.686343
1343	0.767997	0.686053
1344	0.769345	0.680266
1345	0.769058	0.685475
1346	0.769249	0.680266
1347	0.769720	0.682581
1348	0.769547	0.676505
1349	0.768370	0.687789
1350	0.768517	0.689815
1351	0.768576	0.680266
1352	0.770301	0.684896
1353	0.770404	0.683160
1354	1.010359	0.671586
1355	1.034738	0.606192
1356	0.770408	0.675347
1357	0.771655	0.675058
1358	0.770801	0.675347
1359	0.769748	0.677951
1360	0.771113	0.676505
1361	0.770149	0.686921
1362	0.770037	0.677083
1363	0.770254	0.678819
1364	0.770512	0.683738
1365	0.769957	0.687211
1366	0.770263	0.680266
1367	0.770070	0.680845
1368	0.770172	0.677373
1369	0.770260	0.677662
1370	0.770892	0.674479
1371	0.770191	0.680845
1372	0.770011	0.680845
1373	0.770348	0.679688
1374	0.769797	0.677662
1375	0.770155	0.677083
1376	0.770147	0.682292
1377	0.770766	0.672454
1378	0.769677	0.677951
1379	0.769942	0.682002
1380	0.769666	0.680266
1381	0.770298	0.678530
1382	0.769775	0.684606
1383	0.769839	0.682002
1384	0.770289	0.681134
1385	0.770000	0.681713
1386	0.769611	0.680556
1387	0.771106	0.675058
1388	0.769522	0.681424
1389	0.769623	0.676794
1390	0.769701	0.679688
1391	0.769056	0.682581
1392	0.769618	0.684896
1393	0.769989	0.677662
1394	0.769448	0.683738
1395	0.769425	0.686343
1396	0.769218	0.685475
1397	0.769654	0.680556
1398	0.769046	0.682292
1399	0.770260	0.681713
1400	0.769814	0.680845
1401	0.769520	0.681713
1402	0.769467	0.677083
1403	0.769465	0.679688
1404	0.770152	0.680845
1405	0.769761	0.678241
1406	0.769683	0.685764
1407	0.769687	0.680845
1408	0.768794	0.684896
1409	0.769637	0.679109
1410	0.768896	0.684896
1411	0.769895	0.685185
1412	0.769972	0.677083
1413	0.769559	0.680266
1414	0.769345	0.688079
1415	0.769955	0.681134
1416	0.770318	0.685475
1417	0.769244	0.682292
1418	0.769734	0.679688
1419	0.769937	0.674479
1420	0.769273	0.680556
1421	0.769325	0.678241
1422	0.769622	0.686632
1423	0.769901	0.676215
1424	0.769064	0.687500
1425	0.769331	0.682870
1426	0.768812	0.680845
1427	0.768950	0.681134
1428	0.769194	0.684317
1429	0.768412	0.687211
1430	0.768760	0.681424
1431	0.769014	0.681424
1432	0.769401	0.674769
1433	0.769495	0.682292
1434	0.768676	0.685475
1435	0.769459	0.679977
1436	0.769363	0.682581
1437	0.769523	0.680266
1438	0.768570	0.683449
1439	0.769274	0.678530
1440	0.769219	0.681424
1441	0.768693	0.682581
1442	0.769467	0.679398
1443	0.768677	0.682870
1444	0.768153	0.685764
1445	0.771051	0.679109
1446	1.417519	0.663194
1447	0.866387	0.658275
1448	0.771182	0.679398
1449	0.771361	0.677373
1450	0.770791	0.675926
1451	0.769552	0.687789
1452	0.769981	0.679398
1453	0.769728	0.681424
1454	0.770029	0.683160
1455	0.771071	0.675347
1456	0.769919	0.682002
1457	0.770143	0.680266
1458	0.769695	0.681713
1459	0.770403	0.678530
1460	0.769528	0.684606
1461	0.770650	0.677662
1462	0.768998	0.681134
1463	0.770575	0.677951
1464	0.770001	0.685185
1465	0.769233	0.684317
1466	0.769739	0.675926
1467	0.769360	0.682002
1468	0.770072	0.675347
1469	0.770053	0.677083
1470	0.768989	0.681713
1471	0.770159	0.676505
1472	0.770063	0.679977
1473	0.770099	0.679398
1474	0.768990	0.684317
1475	0.770750	0.675058
1476	0.770150	0.678241
1477	0.770325	0.679398
1478	0.770147	0.679109
1479	0.770388	0.679977
1480	0.770212	0.677951
1481	0.769867	0.680845
1482	0.769523	0.684896
1483	0.769692	0.676794
1484	0.770146	0.677083
1485	0.769739	0.686053
1486	0.769192	0.684896
1487	0.770353	0.672454
1488	0.769587	0.681134
1489	0.769854	0.678530
1490	0.769832	0.680556
1491	0.769592	0.682581
1492	0.770061	0.676794
1493	0.770151	0.679398
1494	0.768775	0.683738
1495	0.769519	0.681713
1496	0.770190	0.677083
1497	0.769767	0.677662
1498	0.768993	0.683449
1499	0.768876	0.684028
1500	0.769711	0.683449
1501	0.769939	0.678241
1502	0.769064	0.687789
1503	0.769487	0.684606
1504	0.769597	0.678819
1505	0.769606	0.681713
1506	0.768889	0.683160
1507	0.768671	0.683449
1508	0.769899	0.678241
1509	0.769664	0.687500
1510	0.769332	0.687789
1511	0.768757	0.684606
1512	0.768329	0.682581
1513	0.769274	0.676794
1514	0.769743	0.680266
1515	0.769437	0.685475
1516	0.768681	0.688657
1517	0.768585	0.688079
1518	0.768136	0.678530
1519	0.769694	0.680556
1520	0.769329	0.679688
1521	0.769354	0.683449
1522	0.769363	0.681134
1523	0.768391	0.690104
1524	0.769968	0.675058
1525	0.769621	0.680556
1526	0.769682	0.675058
1527	0.769652	0.683449
1528	0.769685	0.675926
1529	0.769510	0.679688
1530	0.769115	0.684317
1531	0.769665	0.678241
1532	0.769253	0.677951
1533	0.768888	0.688079
1534	0.769034	0.678530
1535	0.768631	0.686343
1536	0.768945	0.681424
1537	0.768184	0.685764
1538	0.770221	0.677662
1539	0.769438	0.682002
1540	0.768854	0.686632
1541	0.768808	0.681713
1542	0.768480	0.684606
1543	0.768672	0.681713
1544	0.768797	0.683738
1545	0.768682	0.680845
1546	0.768301	0.684317
1547	0.768783	0.685475
1548	0.768958	0.677951
1549	0.768061	0.686921
1550	0.770078	0.679109
1551	0.768731	0.681713
1552	0.769088	0.682870
1553	0.769500	0.681134
1554	0.779113	0.682581
1555	2.369374	0.648438
1556	0.775656	0.676215
1557	0.772853	0.686053
1558	0.772419	0.677083
1559	0.772051	0.675926
1560	0.771069	0.677951
1561	0.771525	0.680556
1562	0.770973	0.677083
1563	0.770544	0.680266
1564	0.770462	0.684896
1565	0.771255	0.676505
1566	0.770202	0.682002
1567	0.770768	0.675637
1568	0.770317	0.682002
1569	0.770363	0.676794
1570	0.769884	0.690104
1571	0.770695	0.675637
1572	0.770341	0.681134
1573	0.769914	0.674190
1574	0.770590	0.670428
1575	0.770784	0.677373
1576	0.769901	0.679109
1577	0.770407	0.680845
1578	0.770576	0.675347
1579	0.769613	0.677662
1580	0.770656	0.674479
1581	0.770149	0.677662
1582	0.769951	0.680845
1583	0.770055	0.679398
1584	0.770129	0.675926
1585	0.770389	0.677373
1586	0.769769	0.683738
1587	0.770003	0.678530
1588	0.769692	0.680845
1589	0.770225	0.679109
1590	0.769879	0.682581
1591	0.770239	0.675637
1592	0.769976	0.679688
1593	0.769847	0.675058
1594	0.770006	0.679977
1595	0.770059	0.681134
1596	0.770182	0.674190
1597	0.769895	0.678241
1598	0.769367	0.683738
1599	0.769046	0.679398
1600	0.768915	0.682581
1601	0.769322	0.682870
1602	0.770013	0.677373
1603	0.770073	0.674479
1604	0.769579	0.687500
1605	0.770239	0.679398
1606	0.768908	0.683738
1607	0.769561	0.683738
1608	0.769016	0.684896
1609	0.769510	0.678530
1610	0.770012	0.674769
1611	0.770244	0.672454
1612	0.769863	0.677083
1613	0.769222	0.681134
1614	0.769160	0.682870
1615	0.769357	0.680845
1616	0.769738	0.676505
1617	0.767834	0.685475
1618	0.769580	0.684317
1619	0.769502	0.682870
1620	0.769762	0.680556
1621	0.769140	0.678530
1622	0.769873	0.679977
1623	0.768614	0.683449
1624	0.769225	0.677083
1625	0.769887	0.675926
1626	0.769774	0.678530
1627	0.769795	0.677951
1628	0.769553	0.676215
1629	0.768806	0.680845
1630	0.769877	0.673322
1631	0.769069	0.687211
1632	0.769639	0.680845
1633	0.769051	0.684896
1634	0.769367	0.683449
1635	0.769159	0.680845
1636	0.769219	0.683738
1637	0.768864	0.678241
1638	0.768799	0.685475
1639	0.770112	0.679109
1640	0.770040	0.680266
1641	0.769306	0.683738
1642	0.769208	0.685185
1643	0.769290	0.681424
1644	0.769536	0.684028
1645	0.769513	0.680266
1646	0.769276	0.683160
1647	0.768945	0.685475
1648	0.769104	0.682870
1649	0.769464	0.679977
1650	0.769247	0.678819
1651	0.769404	0.680845
1652	0.768915	0.683160
1653	0.768260	0.682292
1654	0.769425	0.682292
1655	0.769713	0.678241
1656	0.769582	0.682002
1657	0.769006	0.687211
1658	0.768582	0.682002
1659	0.769457	0.679398
1660	0.768336	0.685185
1661	0.768987	0.681134
1662	0.768529	0.683738
1663	0.769727	0.679109
1664	0.768798	0.684028
1665	0.768535	0.686632
1666	0.768372	0.680845
1667	0.769619	0.676215
1668	0.769672	0.683738
1669	0.769199	0.682581
1670	0.769789	0.678530
1671	0.908756	0.672743
1672	1.012284	0.607060
1673	0.770438	0.680556
1674	0.770686	0.682002
1675	0.770854	0.678530
1676	0.770852	0.673322
1677	0.770498	0.680845
1678	0.770322	0.684606
1679	0.770609	0.677951
1680	0.770379	0.677083
1681	0.770979	0.675347
1682	0.770305	0.677662
1683	0.769870	0.681424
1684	0.770516	0.676215
1685	0.769836	0.681134
1686	0.770356	0.679977
1687	0.770094	0.675926
1688	0.769814	0.684317
1689	0.769880	0.683160
1690	0.770267	0.679688
1691	0.770102	0.680556
1692	0.770083	0.676505
1693	0.769952	0.679977
1694	0.769876	0.680845
1695	0.769228	0.678819
1696	0.769650	0.681134
1697	0.769546	0.682581
1698	0.769786	0.672743
1699	0.769809	0.685475
1700	0.770130	0.680266
1701	0.769466	0.684606
1702	0.769280	0.680556
1703	0.770171	0.677951
1704	0.770049	0.678241
1705	0.770233	0.677662
1706	0.769252	0.679688
1707	0.769259	0.682581
1708	0.769565	0.679977
1709	0.769531	0.686343
1710	0.769704	0.676794
1711	0.769497	0.683449
1712	0.770274	0.673032
1713	0.769874	0.678530
1714	0.769876	0.674479
1715	0.769300	0.683738
1716	0.769753	0.677662
1717	0.769075	0.686921
1718	0.769626	0.682581
1719	0.769927	0.679688
1720	0.769611	0.679109
1721	0.769125	0.683160
1722	0.770132	0.676794
1723	0.769038	0.686921
1724	0.769092	0.686343
1725	0.769324	0.679977
1726	0.769727	0.679688
1727	0.769037	0.684606
1728	0.769241	0.681424
1729	0.769442	0.679688
1730	0.768722	0.684896
1731	0.769314	0.687211
1732	0.770328	0.678530
1733	0.769515	0.683738
1734	0.768856	0.684028
1735	0.768691	0.677951
1736	0.768915	0.680845
1737	0.769520	0.679688
1738	0.770024	0.681713
1739	0.768503	0.683738
1740	0.768659	0.683738
1741	0.770255	0.675637
1742	0.768258	0.681713
1743	0.769663	0.675637
1744	0.769710	0.675926
1745	0.769030	0.684028
1746	0.769652	0.682581
1747	0.768813	0.682292
1748	0.769072	0.683449
1749	0.769406	0.683449
1750	0.769335	0.683449
1751	0.769210	0.680556
1752	0.768412	0.684317
1753	0.769433	0.680266
1754	0.768620	0.682870
1755	0.769220	0.679977
1756	0.769137	0.682292
1757	0.769526	0.681713
1758	0.769545	0.683738
1759	0.769054	0.690394
1760	0.768622	0.676794
1761	0.769194	0.681134
1762	0.769072	0.685764
1763	0.769439	0.679109
1764	0.769562	0.677083
1765	0.769083	0.683738
1766	0.769186	0.684028
1767	0.768714	0.684028
1768	0.768715	0.683160
1769	0.769682	0.674769
1770	0.771949	0.682002
1771	1.245149	0.601273
1772	0.777934	0.674769
1773	0.770155	0.675347
1774	0.771499	0.671586
1775	0.769987	0.678819
1776	0.770183	0.679398
1777	0.770954	0.674190
1778	0.770604	0.672743
1779	0.769990	0.676505
1780	0.769669	0.681713
1781	0.769006	0.680845
1782	0.769693	0.675058
1783	0.771021	0.669271
1784	0.769878	0.673611
1785	0.770310	0.679109
1786	0.769579	0.683449
1787	0.769627	0.683449
1788	0.770336	0.677951
1789	0.769540	0.677373
1790	0.769958	0.678819
1791	0.769867	0.680845
1792	0.769614	0.674769
1793	0.769787	0.678241
1794	0.770034	0.676505
1795	0.770428	0.673611
1796	0.769375	0.679109
1797	0.770157	0.682581
1798	0.770784	0.676794
1799	0.769650	0.681424
1800	0.769528	0.680556
1801	0.770477	0.674190
1802	0.770108	0.679977
1803	0.769691	0.684317
1804	0.769344	0.679398
1805	0.770061	0.674769
1806	0.769122	0.688368
1807	0.769290	0.681713
1808	0.769870	0.682292
1809	0.769843	0.678530
1810	0.769408	0.676215
1811	0.769363	0.685185
1812	0.769519	0.677373
1813	0.769040	0.686921
1814	0.769608	0.676215
1815	0.769417	0.682581
1816	0.770295	0.677083
1817	0.769806	0.683738
1818	0.769358	0.683160
1819	0.769434	0.678819
1820	0.769517	0.682002
1821	0.770176	0.678819
1822	0.769618	0.684028
1823	0.769385	0.679398
1824	0.768678	0.687211
1825	0.769740	0.679688
1826	0.768900	0.682870
1827	0.769555	0.681134
1828	0.769721	0.679977
1829	0.769476	0.679977
1830	0.769615	0.681424
1831	0.769385	0.678819
1832	0.769634	0.679977
1833	0.768849	0.684317
1834	0.769287	0.681134
1835	0.768833	0.685764
1836	0.769083	0.673900
1837	0.768737	0.684028
1838	0.768805	0.685764
1839	0.768986	0.683160
1840	0.768941	0.679398
1841	0.768879	0.682870
1842	0.769238	0.681134
1843	0.769502	0.683160
1844	0.769791	0.678530
1845	0.769838	0.677662
1846	0.770096	0.677373
1847	0.769575	0.682870
1848	0.769157	0.679688
1849	0.768742	0.682002
1850	0.769084	0.686921
1851	0.768984	0.683449
1852	0.769572	0.684028
1853	0.769146	0.683449
1854	0.769371	0.679688
1855	0.772688	0.685475
1856	0.992028	0.670428
1857	0.793422	0.679688
1858	0.770959	0.678819
1859	0.770421	0.680266
1860	0.769984	0.681134
1861	0.770631	0.672164
1862	0.769791	0.679977
1863	0.770244	0.675347
1864	0.769794	0.682002
1865	0.769385	0.680556
1866	0.771041	0.671586
1867	0.770339	0.683160
1868	0.769799	0.677951
1869	0.769964	0.680556
1870	0.770111	0.677373
1871	0.769993	0.675637
1872	0.769572	0.679977
1873	0.770288	0.676215
1874	0.769692	0.681713
1875	0.770116	0.680266
1876	0.769713	0.675347
1877	0.770175	0.677662
1878	0.769749	0.679977
1879	0.770298	0.677083
1880	0.770158	0.671875
1881	0.769940	0.677951
1882	0.770021	0.682581
1883	0.769912	0.677951
1884	0.769641	0.682292
1885	0.769765	0.675637
1886	0.769532	0.679398
1887	0.769752	0.678819
1888	0.769809	0.683160
1889	0.769666	0.679109
1890	0.769728	0.684606
1891	0.769661	0.682870
1892	0.769609	0.680556
1893	0.769936	0.679109
1894	0.770066	0.678241
1895	0.769516	0.683738
1896	0.769876	0.680556
1897	0.770227	0.677083
1898	0.769587	0.677083
1899	0.769361	0.680266
1900	0.769609	0.685185
1901	0.769582	0.683160
1902	0.769600	0.679109
1903	0.769401	0.683449
1904	0.769660	0.677083
1905	0.769261	0.680556
1906	0.768704	0.685475
1907	0.769469	0.676794
1908	0.769785	0.682002
1909	0.769687	0.678241
1910	0.769501	0.680556
1911	0.769199	0.683160
1912	0.769211	0.677951
1913	0.768632	0.683160
1914	0.769505	0.681134
1915	0.769255	0.684028
1916	0.768883	0.682292
1917	0.768264	0.686921
1918	0.769689	0.679109
1919	0.769206	0.684896
1920	0.769913	0.681713
1921	0.768974	0.680266
1922	0.770028	0.678819
1923	0.769121	0.684896
1924	0.769172	0.678530
1925	0.769019	0.682002
1926	0.768698	0.686343
1927	0.769620	0.676794
1928	0.769373	0.681424
1929	0.768445	0.685475
1930	0.768776	0.681134
1931	0.769873	0.676505
1932	0.769126	0.678819
1933	0.769515	0.679398
1934	0.769866	0.679977
1935	0.769403	0.684317
1936	0.769054	0.686343
1937	0.768767	0.685475
1938	0.769267	0.683160
1939	0.769426	0.682292
1940	0.769454	0.681134
1941	0.768777	0.683449
1942	0.769606	0.679977
1943	0.769048	0.686053
1944	0.769542	0.682581
1945	0.768618	0.679688
1946	0.769237	0.678530
1947	0.769328	0.680845
1948	0.768725	0.679398
1949	0.767914	0.682870
1950	0.768563	0.679977
1951	0.769845	0.676505
1952	0.769135	0.681134
1953	0.768991	0.677662
1954	0.768859	0.681424
1955	0.768586	0.681713
1956	0.769973	0.678241
1957	0.769409	0.682002
1958	0.769090	0.684606
1959	0.769226	0.680266
1960	0.769695	0.685764
1961	0.769355	0.679977
1962	0.768782	0.682870
1963	0.769792	0.679109
1964	0.769259	0.680556
1965	0.770441	0.682292
1966	0.890971	0.667824
1967	0.811758	0.678530
1968	0.770389	0.677083
1969	0.770101	0.676794
1970	0.769549	0.682581
1971	0.770493	0.673032
1972	0.769361	0.684317
1973	0.770008	0.679109
1974	0.769414	0.682581
1975	0.769548	0.681713
1976	0.770077	0.678530
1977	0.769324	0.679977
1978	0.769432	0.675347
1979	0.770067	0.673900
1980	0.769860	0.680845
1981	0.769575	0.685185
1982	0.769995	0.683160
1983	0.770079	0.681424
1984	0.769328	0.681424
1985	0.769563	0.680845
1986	0.769983	0.684028
1987	0.769652	0.680556
1988	0.768818	0.689525
1989	0.770193	0.676794
1990	0.769261	0.685475
1991	0.769373	0.687211
1992	0.768998	0.678530
1993	0.768999	0.680556
1994	0.769593	0.687211
1995	0.769427	0.680845
1996	0.769848	0.680845
1997	0.768966	0.683160
1998	0.769230	0.681424
1999	0.769273	0.686343
2000	0.768895	0.684317
2001	0.769425	0.678819
2002	0.769665	0.680556
2003	0.769525	0.683738
2004	0.770082	0.679398
2005	0.768694	0.682581
2006	0.769527	0.682002
2007	0.768773	0.687500
2008	0.768418	0.686632
2009	0.769361	0.679977
2010	0.769372	0.676794
2011	0.769659	0.678530
2012	0.769183	0.683160
2013	0.768744	0.682002
2014	0.769995	0.674769
2015	0.768644	0.687500
2016	0.768935	0.688657
2017	0.769897	0.677951
2018	0.769955	0.678819
2019	0.769657	0.681713
2020	0.769492	0.679688
2021	0.768705	0.687789
2022	0.769445	0.688079
2023	0.769159	0.677662
2024	0.769635	0.682292
2025	0.769536	0.678530
2026	0.769023	0.679977
2027	0.769236	0.683738
2028	0.769504	0.679398
2029	0.769112	0.678530
2030	0.769893	0.678241
2031	0.769662	0.679398
2032	0.768735	0.683449
2033	0.769331	0.682581
2034	0.768870	0.681424
2035	0.768765	0.687789
2036	0.769767	0.675058
2037	0.769956	0.679398
2038	0.769467	0.675058
2039	0.769592	0.681713
2040	0.769096	0.683738
2041	0.769592	0.679688
2042	0.768972	0.683160
2043	0.768615	0.682870
2044	0.769386	0.681713
2045	0.769875	0.679398
2046	0.769008	0.683738
2047	0.769726	0.681713
2048	0.769560	0.679688
2049	0.769352	0.680556
2050	0.768883	0.682870
2051	0.769624	0.676794
2052	0.768429	0.685185
2053	0.769748	0.675926
2054	0.769382	0.678530
2055	0.769320	0.682002
2056	0.769059	0.677083
2057	0.768705	0.680845
2058	0.769696	0.683738
2059	0.769234	0.687211
2060	0.768999	0.681134
2061	0.769693	0.683449
2062	0.769699	0.677373
2063	0.769061	0.680845
2064	0.769589	0.682292
2065	0.768836	0.680556
2066	0.768813	0.688657
2067	0.769028	0.687500
2068	0.769094	0.681424
2069	0.769679	0.675058
2070	0.769099	0.683160
2071	0.769241	0.682292
2072	0.769643	0.681713
2073	1.082362	0.609954
2074	0.774148	0.674479
2075	0.771578	0.675637
2076	0.770508	0.676794
2077	0.770521	0.680845
2078	0.770793	0.672743
2079	0.770037	0.677662
2080	0.770108	0.675926
2081	0.769739	0.676505
2082	0.770551	0.674479
2083	0.770424	0.677083
2084	0.769904	0.677373
2085	0.769969	0.677951
2086	0.770063	0.673322
2087	0.769938	0.677373
2088	0.770148	0.680266
2089	0.769874	0.677083
2090	0.770558	0.676215
2091	0.770236	0.682002
2092	0.769869	0.681134
2093	0.769516	0.682581
2094	0.770300	0.680556
2095	0.769729	0.680845
2096	0.769562	0.679398
2097	0.769176	0.683160
2098	0.769652	0.684896
2099	0.769565	0.679398
2100	0.769591	0.682870
2101	0.769255	0.684028
2102	0.770019	0.674190
2103	0.769845	0.677373
2104	0.769924	0.678530
2105	0.769366	0.679398
2106	0.768713	0.684896
2107	0.769933	0.679398
2108	0.768967	0.686053
2109	0.769375	0.679977
2110	0.769506	0.682292
2111	0.769265	0.678530
2112	0.770483	0.670428
2113	0.768866	0.681713
2114	0.770158	0.679688
2115	0.769832	0.682581
2116	0.769248	0.678241
2117	0.770133	0.679109
2118	0.769926	0.681424
2119	0.769836	0.672454
2120	0.769456	0.679977
2121	0.769458	0.674190
2122	0.769511	0.681424
2123	0.769131	0.683449
2124	0.769563	0.683449
2125	0.769792	0.685475
2126	0.769930	0.680556
2127	0.769903	0.679688
2128	0.769432	0.684606
2129	0.769439	0.685475
2130	0.769616	0.681424
2131	0.769412	0.681134
2132	0.768999	0.681713
2133	0.770045	0.679977
2134	0.769517	0.677951
2135	0.769366	0.682292
2136	0.769888	0.677662
2137	0.769439	0.680845
2138	0.769098	0.684606
2139	0.769217	0.685764
2140	0.769035	0.683160
2141	0.769208	0.681134
2142	0.768691	0.684606
2143	0.768614	0.685185
2144	0.769538	0.675347
2145	0.769658	0.683449
2146	0.769416	0.684606
2147	0.769288	0.680845
2148	0.769579	0.677083
2149	0.768860	0.679398
2150	0.769257	0.679398
2151	0.768716	0.688947
2152	0.769278	0.680266
2153	0.769045	0.682870
2154	0.769356	0.682292
2155	0.769422	0.680556
2156	0.769228	0.683160
2157	0.768922	0.684606
2158	0.769340	0.684317
2159	0.769320	0.677662
2160	0.769355	0.684028
2161	0.769780	0.678241
2162	0.768905	0.677662
2163	0.769684	0.682870
2164	0.768898	0.681713
2165	0.769585	0.677373
2166	0.769008	0.686632
2167	0.769189	0.682292
2168	0.769257	0.683449
2169	0.769741	0.684317
2170	0.769548	0.682870
2171	0.769809	0.680266
2172	0.769521	0.679109
2173	0.769590	0.680266
2174	0.769188	0.681424
2175	0.768432	0.685475
2176	0.770214	0.677373
2177	0.769790	0.680556
2178	0.768509	0.686632
2179	0.768756	0.680845
2180	0.768507	0.682292
2181	0.768760	0.680845
2182	0.769501	0.678530
2183	0.770158	0.678819
2184	0.768695	0.679977
2185	0.768624	0.684606
2186	0.768891	0.685764
2187	0.770023	0.676215
2188	0.769613	0.679109
2189	0.769568	0.685185
2190	0.769267	0.683449
2191	0.769033	0.683738
2192	0.768918	0.681424
2193	0.769183	0.682002
2194	0.769497	0.680556
2195	0.769434	0.679688
2196	0.769097	0.682581
2197	0.770302	0.677662
2198	0.770143	0.679109
2199	0.789918	0.682870
2200	0.780844	0.672454
2201	0.770168	0.682292
2202	0.770032	0.676215
2203	0.769467	0.680845
2204	0.769632	0.679688
2205	0.769572	0.681713
2206	0.769708	0.682870
2207	0.768823	0.684317
2208	0.769487	0.679688
2209	0.769532	0.685475
2210	0.769740	0.677083
2211	0.770396	0.677083
2212	0.769001	0.688079
2213	0.769597	0.684317
2214	0.768680	0.683738
2215	0.769583	0.684028
2216	0.769444	0.682870
2217	0.769356	0.684028
2218	0.769460	0.682870
2219	0.769386	0.682292
2220	0.770114	0.680266
2221	0.769260	0.680266
2222	0.769090	0.681134
2223	0.769570	0.682002
2224	0.770496	0.675926
2225	0.769273	0.680266
2226	0.769371	0.680845
2227	0.770277	0.677083
2228	0.769412	0.681713
2229	0.768052	0.682292
2230	0.769042	0.681713
2231	0.769763	0.681424
2232	0.769308	0.680266
2233	0.769031	0.686632
2234	0.769431	0.686053
2235	0.768788	0.687211
2236	0.769529	0.681713
2237	0.769133	0.680556
2238	0.769004	0.683160
2239	0.769910	0.679688
2240	0.769593	0.679398
2241	0.769517	0.680556
2242	0.769779	0.680556
2243	0.769323	0.679688
2244	0.769449	0.677951
2245	0.769741	0.685475
2246	0.769683	0.678819
2247	0.769452	0.682870
2248	0.769139	0.681713
2249	0.768837	0.686343
2250	0.768887	0.684317
2251	0.768534	0.683160
2252	0.769393	0.682292
2253	0.769338	0.688368
2254	0.769504	0.682870
2255	0.769090	0.679398
2256	0.769347	0.677951
2257	0.769625	0.684317
2258	0.769258	0.685475
2259	0.769248	0.687789
2260	0.768936	0.682292
2261	0.769407	0.683449
2262	0.769463	0.682870
2263	0.769026	0.684606
2264	0.769047	0.681424
2265	0.767907	0.684028
2266	0.769556	0.679109
2267	0.769688	0.675926
2268	0.769883	0.678530
2269	0.769542	0.678241
2270	0.769247	0.685185
2271	0.769349	0.683160
2272	0.768965	0.680845
2273	0.769679	0.676505
2274	0.769362	0.689815
2275	0.769724	0.676505
2276	0.769312	0.686053
2277	0.769536	0.682292
2278	0.769243	0.682292
2279	0.769004	0.685475
2280	0.768891	0.682581
2281	0.769267	0.684028
2282	0.769509	0.680845
2283	0.769271	0.682292
2284	0.769089	0.681424
2285	0.770021	0.676505
2286	0.768440	0.682870
2287	0.769727	0.683160
2288	0.769365	0.682581
2289	0.769595	0.677951
2290	0.769879	0.680845
2291	0.769353	0.680845
2292	0.769199	0.683738
2293	0.769440	0.680845
2294	0.769210	0.684317
2295	0.769442	0.674769
2296	0.768967	0.682581
2297	0.769337	0.681134
2298	0.768954	0.683738
2299	0.768899	0.682002
2300	0.769403	0.680845
2301	0.768758	0.682581
2302	0.769233	0.683449
2303	0.769169	0.680556
2304	0.768958	0.679688
2305	0.769387	0.680556
2306	0.769230	0.679977
2307	0.768929	0.684896
2308	0.769136	0.681134
2309	0.769755	0.680266
2310	0.769170	0.678530
2311	0.769130	0.683160
2312	0.769067	0.686632
2313	0.769405	0.679688
2314	0.768566	0.685185
2315	0.768586	0.684028
2316	0.769558	0.681134
2317	0.769134	0.681713
2318	0.769413	0.682870
2319	0.769371	0.677083
2320	0.769279	0.684317
2321	0.769297	0.676215
2322	0.768636	0.680266
2323	0.769017	0.686921
2324	0.769640	0.673032
2325	0.768973	0.679977
2326	0.768849	0.686053
2327	0.769576	0.679977
2328	0.767957	0.685764
2329	0.769177	0.684028
2330	0.770316	0.676505
2331	0.769267	0.682870
2332	0.769739	0.677951
2333	0.769569	0.679977
2334	0.769343	0.678819
2335	0.768986	0.683449
2336	0.769861	0.681424
2337	0.768760	0.686632
2338	0.769071	0.683738
2339	0.768993	0.680845
2340	0.769553	0.679688
2341	0.768604	0.679109
2342	0.768940	0.682581
2343	0.768750	0.682870
2344	0.769642	0.679977
2345	0.769729	0.679398
2346	0.769581	0.679109
2347	0.768746	0.681713
2348	0.769419	0.676794
2349	0.769027	0.679109
2350	0.768526	0.682002
2351	0.768619	0.685764
2352	0.769330	0.678819
2353	0.769586	0.675926
2354	0.769595	0.679109
2355	0.769438	0.682870
2356	0.769571	0.681713
2357	0.769491	0.678241
2358	0.769046	0.679688
2359	0.768815	0.683449
2360	0.769100	0.681424
2361	0.769463	0.680845
2362	0.769582	0.680845
2363	0.769766	0.683160
2364	0.769063	0.684606
2365	0.769022	0.687211
2366	0.769595	0.675058
2367	0.769158	0.685764
2368	0.769531	0.678241
2369	0.770103	0.680556
2370	0.773666	0.675058
2371	0.770795	0.679688
2372	0.769850	0.680266
2373	0.769675	0.679977
2374	0.769779	0.681713
2375	0.769619	0.684028
2376	0.769493	0.682581
2377	0.769030	0.682002
2378	0.769812	0.677083
2379	0.768631	0.680556
2380	0.769296	0.684317
2381	0.769365	0.680556
2382	0.769969	0.673032
2383	0.769405	0.681713
2384	0.768750	0.680556
2385	0.769138	0.686053
2386	0.770191	0.682002
2387	0.768967	0.680266
2388	0.769797	0.678530
2389	0.768893	0.682870
2390	0.770028	0.675347
2391	0.769714	0.682292
2392	0.769397	0.686632
2393	0.769112	0.681134
2394	0.768130	0.681713
2395	0.770133	0.675058
2396	0.769865	0.678241
2397	0.768987	0.682870
2398	0.768976	0.684028
2399	0.770055	0.679109
2400	0.769954	0.678819
2401	0.768388	0.684606
2402	0.769017	0.682581
2403	0.769348	0.682870
2404	0.768990	0.682002
2405	0.770050	0.678530
2406	0.769991	0.679398
2407	0.769174	0.679109
2408	0.769685	0.681424
2409	0.769671	0.679688
2410	0.769295	0.683449
2411	0.769073	0.681713
2412	0.768765	0.685475
2413	0.768648	0.681424
2414	0.769706	0.681713
2415	0.768459	0.690683
2416	0.768945	0.685764
2417	0.768840	0.686921
2418	0.768743	0.683738
2419	0.769508	0.678819
2420	0.768524	0.684606
2421	0.769516	0.682002
2422	0.769736	0.680556
2423	0.769477	0.681134
2424	0.768541	0.682581
2425	0.769756	0.679977
2426	0.769337	0.682581
2427	0.769484	0.680556
2428	0.769297	0.683738
2429	0.769295	0.678819
2430	0.769707	0.687789
2431	0.769241	0.679977
2432	0.769648	0.683160
2433	0.768735	0.682870
2434	0.768484	0.680556
2435	0.769189	0.679688
2436	0.769283	0.675926
2437	0.769056	0.682292
2438	0.769613	0.681134
2439	0.769416	0.681713
2440	0.768564	0.685185
2441	0.769099	0.682002
2442	0.768893	0.685764
2443	0.769806	0.673322
2444	0.769182	0.687211
2445	0.768696	0.680845
2446	0.768982	0.680266
2447	0.770170	0.676794
2448	0.768546	0.684028
2449	0.769497	0.675058
2450	0.769723	0.674190
2451	0.770040	0.675347
2452	0.768681	0.686053
2453	0.768991	0.678241
2454	0.769637	0.682292
2455	0.769163	0.678241
2456	0.769669	0.677662
2457	0.769710	0.679977
2458	0.769583	0.682870
2459	0.769224	0.677951
2460	0.769599	0.679398
2461	0.769898	0.677083
2462	0.769527	0.680556
2463	0.768786	0.687789
2464	0.769407	0.681424
2465	0.769808	0.677662
2466	0.769573	0.678530
2467	0.769520	0.681134
2468	0.768802	0.685764
2469	0.769423	0.678819
2470	0.767907	0.689236
2471	0.769698	0.674769
2472	0.769493	0.682870
2473	0.768620	0.681134
2474	0.770025	0.679977
2475	0.769533	0.682870
2476	0.768806	0.678819
2477	0.768638	0.686053
2478	0.770043	0.677373
2479	0.769432	0.684028
2480	0.769204	0.684317
2481	0.768547	0.686632
2482	0.769396	0.682292
2483	0.769299	0.680845
2484	0.768000	0.683738
2485	0.770028	0.675637
2486	0.769217	0.679398
2487	0.768660	0.685764
2488	0.769608	0.674769
2489	0.769202	0.685185
2490	0.768443	0.677083
2491	0.769757	0.682581
2492	0.769438	0.679109
2493	0.769402	0.679688
2494	0.769088	0.679398
2495	0.769873	0.677662
2496	0.769347	0.678819
2497	0.769146	0.687500
2498	0.769775	0.681424
2499	0.768887	0.682002
2500	0.769060	0.682002
2501	0.768744	0.683160
2502	0.769129	0.682002
2503	0.769524	0.680845
2504	0.768746	0.683738
2505	0.768835	0.680266
2506	0.769952	0.680845
2507	0.769020	0.684317
2508	0.769125	0.683449
2509	0.769432	0.683449
2510	0.769396	0.681134
2511	0.768945	0.682292
2512	0.768956	0.681713
2513	0.769067	0.690972
2514	0.769246	0.680266
2515	0.769503	0.682292
2516	0.768122	0.681134
2517	0.769214	0.686632
2518	0.769606	0.677083
2519	0.769068	0.682002
2520	0.769581	0.682002
2521	0.769214	0.679688
2522	0.769029	0.682002
2523	0.769499	0.682870
2524	0.769466	0.682002
2525	0.769327	0.681424
2526	0.769813	0.679688
2527	0.769410	0.681424
2528	0.769264	0.682870
2529	0.769102	0.678241
2530	0.768918	0.683160
2531	0.769879	0.680556
2532	0.769489	0.680556
2533	0.769221	0.677951
2534	0.769149	0.682870
2535	0.769490	0.682002
2536	0.769092	0.685764
2537	0.768805	0.687211
2538	0.768865	0.684896
2539	0.768741	0.684028
2540	0.769633	0.680845
2541	0.769466	0.681713
2542	0.769236	0.683160
2543	0.769084	0.679688
2544	0.769711	0.679398
2545	0.768961	0.677373
2546	0.768518	0.684028
2547	0.769318	0.680556
2548	0.769462	0.681713
2549	0.769108	0.684896
2550	0.769268	0.685764
2551	0.769147	0.682002
2552	0.769415	0.681424
2553	0.769531	0.684606
2554	0.769342	0.686632
2555	0.769998	0.684317
2556	0.769556	0.680266
2557	0.769491	0.682581
2558	0.769150	0.680845
2559	0.768838	0.683449
2560	0.768369	0.683449
2561	0.769978	0.674769
2562	0.769382	0.681134
2563	0.769206	0.682581
2564	0.769717	0.679109
2565	0.769617	0.685764
2566	0.769804	0.679688
2567	0.769419	0.681134
2568	0.769189	0.679398
2569	0.768685	0.684896
2570	0.768647	0.684028
2571	0.768830	0.680845
2572	0.768863	0.683160
2573	0.769372	0.682581
2574	0.769764	0.680556
2575	0.769417	0.679398
2576	0.768842	0.683449
2577	0.768469	0.684896
2578	0.770440	0.674479
2579	0.769071	0.680266
2580	0.769072	0.682870
2581	0.769554	0.681424
2582	0.768410	0.684317
2583	0.768878	0.679688
2584	0.769698	0.675926
2585	0.769389	0.681134
2586	0.769250	0.681424
2587	0.769428	0.681134
2588	0.769146	0.681713
2589	0.769289	0.682870
2590	0.769249	0.685475
2591	0.769492	0.682002
2592	0.768924	0.683738
2593	0.770019	0.679109
2594	0.769405	0.679977
2595	0.769616	0.681424
2596	0.769113	0.678530
2597	0.768732	0.686343
2598	0.769926	0.682870
2599	0.769489	0.678241
2600	0.769493	0.682870
2601	0.770117	0.677662
2602	0.770232	0.678530
2603	0.769164	0.686053
2604	0.769201	0.684317
2605	0.768825	0.684317
2606	0.769540	0.682292
2607	0.769316	0.682292
2608	0.769503	0.679688
2609	0.769459	0.677373
2610	0.769639	0.683449
2611	0.769606	0.682581
2612	0.768763	0.682870
2613	0.769013	0.679977
2614	0.769226	0.682581
2615	0.769932	0.678819
2616	0.769396	0.680556
2617	0.768979	0.682870
2618	0.769145	0.685185
2619	0.768956	0.682292
2620	0.769506	0.680266
2621	0.769228	0.678241
2622	0.769293	0.683449
2623	0.769526	0.680845
2624	0.769242	0.682581
2625	0.768872	0.681713
2626	0.769901	0.681134
2627	0.769661	0.676794
2628	0.769865	0.682581
2629	0.768992	0.682292
2630	0.769271	0.683160
2631	0.769438	0.678819
2632	0.768441	0.679977
2633	0.769323	0.680266
2634	0.769160	0.682002
2635	0.769204	0.688079
2636	0.769580	0.683738
2637	0.769854	0.680266
2638	0.769294	0.680556
2639	0.769347	0.685764
2640	0.769605	0.681424
2641	0.769551	0.679398
2642	0.769677	0.678241
2643	0.769766	0.681713
2644	0.768736	0.686343
2645	0.768955	0.680845
2646	0.769264	0.679398
2647	0.768755	0.685185
2648	0.769091	0.680845
2649	0.769288	0.679688
2650	0.769423	0.684606
2651	0.768419	0.681424
2652	0.769302	0.680556
2653	0.769596	0.679398
2654	0.769786	0.675058
2655	0.769228	0.681134
2656	0.768808	0.680845
2657	0.769296	0.682002
2658	0.769569	0.681713
2659	0.769440	0.676794
2660	0.769980	0.679688
2661	0.769060	0.682292
2662	0.769298	0.683738
2663	0.769645	0.679109
2664	0.769617	0.678530
2665	0.768886	0.685764
2666	0.769297	0.683738
2667	0.769786	0.679398
2668	0.769213	0.682870
2669	0.769401	0.686632
2670	0.769413	0.684317
2671	0.769608	0.676505
2672	0.768233	0.682870
2673	0.769278	0.681424
2674	0.768858	0.684896
2675	0.770314	0.676794
2676	0.769591	0.682870
2677	0.769204	0.681134
2678	0.769073	0.683449
2679	0.768891	0.686343
2680	0.769346	0.685764
2681	0.769147	0.677951
2682	0.768946	0.688368
2683	0.769304	0.682581
2684	0.769334	0.682292
2685	0.769383	0.682581
2686	0.769695	0.683160
2687	0.769247	0.676794
2688	0.768464	0.681713
2689	0.769158	0.682870
2690	0.769330	0.677373
2691	0.769434	0.677951
2692	0.769600	0.679977
2693	0.769173	0.685475
2694	0.768495	0.679977
2695	0.770146	0.675058
2696	0.769532	0.685764
2697	0.768948	0.687211
2698	0.769225	0.677083
2699	0.768856	0.684028
2700	0.768982	0.682002
2701	0.769173	0.682002
2702	0.769154	0.680556
2703	0.769155	0.681134
2704	0.769528	0.683738
2705	0.769333	0.680845
2706	0.769090	0.681713
2707	0.770021	0.679688
2708	0.769430	0.681424
2709	0.769587	0.680845
2710	0.768710	0.682581
2711	0.768996	0.678241
2712	0.769288	0.680845
2713	0.769306	0.680845
2714	0.769115	0.685475
2715	0.768115	0.688079
2716	0.768866	0.684896
2717	0.769357	0.676794
2718	0.769590	0.682581
2719	0.769333	0.679688
2720	0.768610	0.683738
2721	0.768424	0.682292
2722	0.769900	0.680266
2723	0.769408	0.686921
2724	0.769350	0.683449
2725	0.769842	0.677662
2726	0.769329	0.683160
2727	0.769003	0.679977
2728	0.769782	0.682292
2729	0.769301	0.682292
2730	0.769406	0.681424
2731	0.769667	0.683738
2732	0.769167	0.682581
2733	0.769472	0.675347
2734	0.769189	0.680556
2735	0.769437	0.681134
2736	0.769619	0.680845
2737	0.768911	0.682581
2738	0.768629	0.681713
2739	0.769279	0.682581
2740	0.768696	0.683449
2741	0.768554	0.683160
2742	0.768978	0.683738
2743	0.770328	0.678241
2744	0.768794	0.683160
2745	0.768625	0.682002
2746	0.769995	0.680556
2747	0.769015	0.681134
2748	0.770106	0.677373
2749	0.769197	0.680266
2750	0.769047	0.681424
2751	0.768966	0.682870
2752	0.769230	0.681713
2753	0.769434	0.681134
2754	0.769364	0.683449
2755	0.769728	0.678819
2756	0.768759	0.682292
2757	0.768552	0.681134
2758	0.769782	0.681713
2759	0.768021	0.686343
2760	0.769385	0.678241
2761	0.769064	0.681713
2762	0.769432	0.683160
2763	0.770001	0.679109
2764	0.769209	0.684896
2765	0.769475	0.683160
2766	0.768753	0.688657
2767	0.768720	0.680266
2768	0.769159	0.677083
2769	0.769660	0.677373
2770	0.769084	0.687789
2771	0.770123	0.680266
2772	0.769372	0.681134
2773	0.769255	0.682002
2774	0.769872	0.682870
2775	0.769710	0.681134
2776	0.769826	0.679977
2777	0.769916	0.679977
2778	0.769652	0.680556
2779	0.769834	0.675058
2780	0.769821	0.675637
2781	0.769090	0.684606
2782	0.768774	0.685185
2783	0.769460	0.678241
2784	0.768500	0.689236
2785	0.769725	0.677373
2786	0.769264	0.685475
2787	0.769414	0.678819
2788	0.769188	0.682581
2789	0.768646	0.681424
2790	0.769406	0.676794
2791	0.767767	0.690394
2792	0.770014	0.678530
2793	0.768943	0.688657
2794	0.769445	0.682870
2795	0.768856	0.686343
2796	0.769606	0.682002
2797	0.769531	0.681134
2798	0.769441	0.676794
2799	0.768552	0.682581
2800	0.769743	0.680845
2801	0.769437	0.682292
2802	0.769578	0.676794
2803	0.769433	0.680556
2804	0.769572	0.679109
2805	0.769156	0.683160
2806	0.769100	0.681424
2807	0.769302	0.681134
2808	0.769645	0.677083
2809	0.768873	0.682581
2810	0.769379	0.680845
2811	0.770020	0.678530
2812	0.769263	0.679109
2813	0.769719	0.679398
2814	0.768753	0.684317
2815	0.768536	0.683160
2816	0.769088	0.681134
2817	0.769350	0.681134
2818	0.769308	0.680266
2819	0.769476	0.681134
2820	0.768800	0.683160
2821	0.768570	0.688657
2822	0.769676	0.677373
2823	0.769147	0.681424
2824	0.769502	0.682870
2825	0.770038	0.676505
2826	0.768803	0.682581
2827	0.768822	0.681134
2828	0.769930	0.677373
2829	0.768265	0.683738
2830	0.769881	0.673032
2831	0.768723	0.682292
2832	0.768586	0.684896
2833	0.769628	0.677951
2834	0.768363	0.684317
2835	0.768715	0.684317
2836	0.769445	0.681134
2837	0.769848	0.679109
2838	0.769503	0.682002
2839	0.768907	0.683160
2840	0.769397	0.676505
2841	0.769314	0.684028
2842	0.769364	0.680556
2843	0.769587	0.679977
2844	0.769559	0.678819
2845	0.769401	0.685764
2846	0.769469	0.681424
2847	0.769745	0.677373
2848	0.769474	0.683160
2849	0.769805	0.681424
2850	0.769301	0.678530
2851	0.769518	0.680845
2852	0.769087	0.683449
2853	0.769234	0.679398
2854	0.769160	0.685185
2855	0.769666	0.679977
2856	0.769189	0.682581
2857	0.769038	0.681713
2858	0.769243	0.677951
2859	0.769157	0.682581
2860	0.768834	0.682002
2861	0.768014	0.689815
2862	0.769378	0.682870
2863	0.769822	0.681713
2864	0.768990	0.680266
2865	0.769033	0.682581
2866	0.769698	0.678530
2867	0.769077	0.683449
2868	0.769697	0.678819
2869	0.769299	0.685185
2870	0.769444	0.680556
2871	0.769716	0.681134
2872	0.769166	0.687789
2873	0.769327	0.685185
2874	0.769531	0.673322
2875	0.769047	0.684028
2876	0.769199	0.681424
2877	0.769060	0.689236
2878	0.769720	0.680845
2879	0.769582	0.680266
2880	0.769271	0.680556
2881	0.769380	0.677373
2882	0.769556	0.679688
2883	0.769493	0.679398
2884	0.769527	0.682870
2885	0.768661	0.686343
2886	0.768815	0.687211
2887	0.769441	0.678241
2888	0.768819	0.680845
2889	0.768979	0.684896
2890	0.769668	0.677951
2891	0.769358	0.680845
2892	0.769065	0.681713
2893	0.769261	0.681424
2894	0.769562	0.680266
2895	0.768466	0.686053
2896	0.769501	0.681713
2897	0.769421	0.677373
2898	0.769314	0.683449
2899	0.769630	0.678241
2900	0.769688	0.681424
2901	0.769457	0.684028
2902	0.769207	0.685764
2903	0.769545	0.680845
2904	0.769174	0.680556
2905	0.769984	0.680556
2906	0.769430	0.674190
2907	0.769671	0.682870
2908	0.769384	0.684317
2909	0.769259	0.684028
2910	0.769221	0.679688
2911	0.769002	0.679398
2912	0.769466	0.684896
2913	0.768762	0.686632
2914	0.769430	0.679398
2915	0.769697	0.679109
2916	0.769492	0.678241
2917	0.769622	0.675347
2918	0.769254	0.685764
2919	0.769352	0.683449
2920	0.769364	0.684896
2921	0.769537	0.677373
2922	0.768888	0.679398
2923	0.768667	0.693287
2924	0.769492	0.681134
2925	0.769506	0.680266
2926	0.769863	0.684896
2927	0.769383	0.679977
2928	0.769630	0.680556
2929	0.769714	0.678241
2930	0.769533	0.688079
2931	0.769343	0.681713
2932	0.769193	0.678530
2933	0.769812	0.679688
2934	0.768507	0.684317
2935	0.770142	0.676505
2936	0.768693	0.684606
2937	0.769699	0.676215
2938	0.769785	0.678241
2939	0.769582	0.682002
2940	0.768815	0.681713
2941	0.769406	0.681424
2942	0.769118	0.679977
2943	0.768880	0.677373
2944	0.769755	0.684028
2945	0.769639	0.681424
2946	0.769366	0.681134
2947	0.769083	0.679977
2948	0.769599	0.679109
2949	0.770385	0.673900
2950	0.769817	0.677373
2951	0.769137	0.681424
2952	0.769428	0.678530
2953	0.769155	0.680556
2954	0.768475	0.684606
2955	0.768991	0.682002
2956	0.769562	0.680266
2957	0.769151	0.682292
2958	0.770098	0.675347
2959	0.769218	0.685475
2960	0.769876	0.674769
2961	0.769813	0.676794
2962	0.769212	0.682581
2963	0.770083	0.670718
2964	0.769697	0.678241
2965	0.768507	0.692419
2966	0.768290	0.688368
2967	0.769423	0.680845
2968	0.769813	0.679977
2969	0.768991	0.682292
2970	0.769149	0.689815
2971	0.769534	0.682002
2972	0.769519	0.682870
2973	0.769720	0.677083
2974	0.768951	0.680556
2975	0.769636	0.679109
2976	0.769294	0.684896
2977	0.769331	0.683738
2978	0.770130	0.676794
2979	0.769118	0.676794
2980	0.769105	0.679977
2981	0.769880	0.679398
2982	0.768226	0.687789
2983	0.768832	0.683738
2984	0.770249	0.676215
2985	0.769312	0.684317
2986	0.769457	0.680266
2987	0.769720	0.678530
2988	0.769273	0.684606
2989	0.769974	0.680556
2990	0.769258	0.689236
2991	0.769304	0.686632
2992	0.769301	0.683160
2993	0.769551	0.679398
2994	0.769376	0.686053
2995	0.768666	0.686053
2996	0.769534	0.678241
2997	0.769285	0.678819
2998	0.768805	0.681424
2999	0.768678	0.689236
3000	0.769215	0.682581
Test result: Loss= 0.770569, Accuracy= 0.67795