########

## 	Model: LSTM with N=128

########

1	2.195399	0.125313
2	2.197865	0.126563
3	2.197312	0.124688
4	2.187172	0.169687
5	2.180939	0.182812
6	2.173872	0.199375
7	2.171769	0.214687
8	2.173696	0.218437
9	2.159893	0.269688
10	2.156574	0.279687
11	2.152977	0.283437
12	2.150904	0.281563
13	2.143274	0.314375
14	2.136152	0.343750
15	2.126341	0.381875
16	2.124278	0.392500
17	2.120016	0.410625
18	2.110935	0.434375
19	2.100599	0.465937
20	2.097293	0.464687
21	2.091345	0.491875
22	2.085661	0.502187
23	2.072247	0.529688
24	2.068534	0.539062
25	2.064583	0.540937
26	2.043077	0.561562
27	2.041642	0.565000
28	2.035536	0.574063
29	2.024793	0.576875
30	2.018251	0.581250
31	2.005742	0.584687
32	1.998284	0.590625
33	1.991374	0.588125
34	1.977828	0.594063
35	1.973934	0.594063
36	1.959684	0.600000
37	1.950530	0.600000
38	1.936050	0.600000
39	1.927829	0.600000
40	1.919367	0.600000
41	1.909151	0.600000
42	1.901232	0.600000
43	1.884776	0.600000
44	1.876173	0.600000
45	1.864303	0.600000
46	1.857596	0.600000
47	1.839083	0.600000
48	1.829525	0.600000
49	1.819434	0.600000
50	1.813353	0.600000
51	1.801781	0.600000
52	1.788756	0.600000
53	1.773015	0.600000
54	1.761027	0.600000
55	1.750238	0.600000
56	1.737598	0.600000
57	1.726725	0.600000
58	1.712909	0.600000
59	1.702442	0.600000
60	1.688724	0.600000
61	1.673168	0.600000
62	1.661498	0.600000
63	1.646018	0.600000
64	1.634631	0.600000
65	1.620124	0.600000
66	1.605660	0.600000
67	1.590582	0.600000
68	1.576149	0.600000
69	1.557885	0.600000
70	1.546930	0.600000
71	1.530244	0.600000
72	1.515823	0.600000
73	1.499267	0.600000
74	1.484852	0.600000
75	1.466762	0.600000
76	1.447667	0.600000
77	1.431989	0.600000
78	1.414772	0.600000
79	1.401162	0.600000
80	1.378940	0.600000
81	1.365897	0.600000
82	1.346277	0.600000
83	1.327016	0.606875
84	1.314611	0.611250
85	1.296107	0.611875
86	1.276151	0.618125
87	1.261488	0.620000
88	1.243609	0.621250
89	1.229956	0.626875
90	1.214872	0.620938
91	1.197719	0.624687
92	1.181538	0.625000
93	1.164922	0.631875
94	1.155287	0.632812
95	1.142516	0.627187
96	1.131066	0.632500
97	1.114542	0.637500
98	1.105417	0.632500
99	1.097583	0.634063
100	1.085763	0.635938
101	1.077379	0.640000
102	1.064937	0.635625
103	1.054806	0.643750
104	1.046221	0.637187
105	1.040100	0.643125
106	1.034817	0.635938
107	1.026194	0.640625
108	1.026574	0.639687
109	1.030242	0.647187
110	1.027309	0.635312
111	1.036240	0.650625
112	1.012998	0.634375
113	1.012782	0.646563
114	1.000989	0.644687
115	0.999542	0.652812
116	0.990122	0.652500
117	0.991638	0.657188
118	0.986725	0.641250
119	0.994057	0.657500
120	0.989640	0.643750
121	1.000258	0.655937
122	0.982344	0.643125
123	0.987069	0.652812
124	0.974373	0.656875
125	0.980187	0.656563
126	0.971254	0.638438
127	0.976767	0.655000
128	0.966918	0.648125
129	0.979365	0.654688
130	0.964650	0.645000
131	0.973915	0.655937
132	0.961788	0.655937
133	0.972455	0.657188
134	0.958641	0.658437
135	0.968680	0.651250
136	0.955380	0.646250
137	0.965951	0.657812
138	0.951306	0.647500
139	0.957083	0.662500
140	0.950422	0.649063
141	0.962655	0.656875
142	0.950570	0.649375
143	0.961889	0.660937
144	0.947672	0.647500
145	0.953347	0.661250
146	0.940867	0.653750
147	0.946646	0.657188
148	0.935786	0.649063
149	0.944042	0.663750
150	0.939463	0.659688
151	0.951504	0.659063
152	0.940405	0.652812
153	0.950765	0.663125
154	0.938078	0.644063
155	0.944400	0.653437
156	0.929874	0.650937
157	0.936581	0.662188
158	0.929512	0.648750
159	0.935539	0.658125
160	0.929289	0.649375
161	0.936014	0.666250
162	0.931610	0.647187
163	0.942099	0.661250
164	0.931372	0.654063
165	0.937929	0.661875
166	0.923440	0.649688
167	0.926664	0.662500
168	0.918609	0.649375
169	0.922686	0.658437
170	0.918145	0.652812
171	0.924522	0.656250
172	0.921200	0.652812
173	0.929923	0.664375
174	0.920481	0.649688
175	0.925880	0.667813
176	0.919101	0.644063
177	0.920809	0.667813
178	0.912353	0.656250
179	0.915058	0.674375
180	0.910490	0.650312
181	0.917323	0.658437
182	0.914149	0.654063
183	0.922782	0.664688
184	0.913656	0.650312
185	0.917451	0.685000
186	0.908034	0.658750
187	0.908703	0.668437
188	0.904517	0.651875
189	0.906890	0.667188
190	0.903505	0.657188
191	0.911053	0.659063
192	0.911209	0.651563
193	0.917739	0.672500
194	0.907561	0.659375
195	0.908009	0.674688
196	0.897695	0.666250
197	0.898053	0.671562
198	0.895723	0.665313
199	0.896082	0.665625
200	0.892208	0.652812
201	0.898299	0.670000
202	0.900934	0.670625
203	0.910877	0.663750
204	0.902551	0.662188
205	0.912517	0.655625
206	0.898868	0.665000
207	0.888856	0.687813
208	0.879842	0.666250
209	0.876758	0.681562
210	0.876121	0.673437
211	0.876395	0.666250
212	0.884239	0.666875
213	0.888991	0.681875
214	0.895926	0.672188
215	0.921052	0.657812
216	0.912608	0.655625
217	0.891364	0.677813
218	0.864093	0.678437
219	0.869213	0.675313
220	0.883257	0.665000
221	0.891503	0.671562
222	0.869147	0.676875
223	0.866641	0.682187
224	0.863319	0.688438
225	0.862499	0.695625
226	0.865168	0.695938
227	0.883932	0.670313
228	0.904311	0.654375
229	0.889148	0.674375
230	0.844886	0.668437
231	0.855617	0.676875
232	0.884575	0.660312
233	0.860286	0.687813
234	0.842738	0.675625
235	0.849481	0.696875
236	0.887443	0.667813
237	0.944170	0.660312
238	0.857364	0.691250
239	0.849431	0.696250
240	0.844278	0.690313
241	0.843911	0.694375
242	0.839653	0.692187
243	0.851198	0.688750
244	0.856351	0.679062
245	0.848013	0.678125
246	0.850293	0.681562
247	0.831360	0.684375
248	0.826220	0.692500
249	0.819827	0.701875
250	0.823853	0.691562
251	0.832094	0.698438
252	0.842121	0.679688
253	0.855277	0.692187
254	0.834065	0.685313
255	0.889455	0.686250
256	0.830100	0.693125
257	0.808558	0.712188
258	0.825715	0.695625
259	0.930293	0.634063
260	0.874328	0.693125
261	0.826557	0.699375
262	0.799375	0.700312
263	0.815400	0.701875
264	0.825703	0.692187
265	0.830916	0.687813
266	0.826776	0.701250
267	0.819335	0.700938
268	0.809525	0.704375
269	0.801477	0.704687
270	0.793073	0.711875
271	0.789488	0.708750
272	0.786467	0.711875
273	0.801505	0.705625
274	0.813936	0.701875
275	0.835977	0.698125
276	0.827883	0.686875
277	0.804327	0.698750
278	0.798779	0.710000
279	0.801046	0.691250
280	0.810887	0.705938
281	0.803999	0.685625
282	0.810927	0.703750
283	0.827577	0.702500
284	0.874407	0.674062
285	0.839548	0.692187
286	0.825962	0.696875
287	0.780396	0.711250
288	0.821590	0.695312
289	0.844588	0.697187
290	0.789261	0.709063
291	0.785716	0.709063
292	0.775895	0.709375
293	0.788936	0.703125
294	0.793687	0.703438
295	0.791800	0.704687
296	0.801261	0.696250
297	0.800386	0.700000
298	0.790254	0.709687
299	0.789366	0.697812
300	0.794044	0.698438
301	0.796921	0.705312
302	0.800151	0.696875
303	0.815911	0.703750
304	0.786587	0.700938
305	0.798328	0.702812
306	0.785463	0.704063
307	0.796556	0.700000
308	0.784861	0.710000
309	0.782154	0.709375
310	0.775837	0.712500
311	0.790166	0.692813
312	0.810835	0.710312
313	0.793816	0.702187
314	0.838319	0.688750
315	0.833046	0.695938
316	0.819189	0.704687
317	0.788075	0.698125
318	0.785536	0.711250
319	0.773744	0.707812
320	0.780904	0.713437
321	0.775440	0.704375
322	0.777422	0.711250
323	0.777719	0.711875
324	0.764984	0.715312
325	0.774738	0.712500
326	0.783828	0.709375
327	0.793342	0.703125
328	0.783835	0.703750
329	0.783492	0.708438
330	0.799807	0.700000
331	0.783159	0.705938
332	0.767019	0.711250
333	0.768315	0.707812
334	0.762096	0.708750
335	0.786093	0.708125
336	0.774220	0.713125
337	0.767762	0.713750
338	0.772051	0.709687
339	0.762775	0.710938
340	0.774576	0.712188
341	0.759377	0.713437
342	0.758270	0.714375
343	0.797913	0.701875
344	0.794182	0.700625
345	0.857602	0.680625
346	0.875486	0.686562
347	0.867807	0.677188
348	0.779268	0.705312
349	0.763369	0.714375
350	0.744121	0.718437
351	0.750052	0.713750
352	0.749607	0.719063
353	0.756361	0.715937
354	0.768307	0.717812
355	0.761529	0.714688
356	0.756964	0.716250
357	0.753706	0.715937
358	0.749537	0.717812
359	0.753677	0.711250
360	0.746590	0.721563
361	0.740068	0.721250
362	0.754052	0.718125
363	0.728325	0.720312
364	0.756450	0.715000
365	0.750243	0.721250
366	0.783121	0.707187
367	0.793779	0.705625
368	0.773990	0.717812
369	0.754971	0.716563
370	0.742050	0.719063
371	0.733862	0.722500
372	0.743607	0.717812
373	0.751070	0.717188
374	0.745156	0.722812
375	0.739453	0.716875
376	0.744413	0.718750
377	0.755133	0.709687
378	0.740677	0.715937
379	0.756534	0.717500
380	0.790006	0.704063
381	0.864174	0.674062
382	0.790273	0.705938
383	0.777366	0.716563
384	0.734927	0.716563
385	0.724347	0.725000
386	0.723797	0.723750
387	0.733832	0.718750
388	0.748724	0.714063
389	0.733237	0.723437
390	0.734756	0.721875
391	0.724837	0.722500
392	0.723559	0.724375
393	0.723571	0.723437
394	0.737328	0.721250
395	0.732496	0.720000
396	0.758834	0.718125
397	0.750813	0.710312
398	0.732911	0.720625
399	0.731141	0.720312
400	0.728579	0.719375
401	0.731447	0.719688
402	0.741214	0.719063
403	0.736612	0.717500
404	0.718983	0.728437
405	0.732427	0.716563
406	0.733186	0.719375
407	0.727404	0.722188
408	0.740281	0.717500
409	0.722221	0.721250
410	0.721690	0.726562
411	0.774961	0.714688
412	0.753101	0.716875
413	0.714900	0.719063
414	0.721935	0.726562
415	0.721993	0.725937
416	0.746214	0.709687
417	0.738356	0.718125
418	0.764325	0.717500
419	0.745411	0.716875
420	0.724217	0.724688
421	0.732179	0.712812
422	0.721092	0.717500
423	0.721187	0.719688
424	0.738641	0.719688
425	0.729802	0.719063
426	0.742151	0.720625
427	0.767049	0.698750
428	0.814133	0.688750
429	0.813245	0.705312
430	0.771783	0.716875
431	0.720176	0.725937
432	0.721060	0.724375
433	0.713099	0.720937
434	0.706140	0.733750
435	0.705928	0.726875
436	0.709405	0.723437
437	0.701875	0.729688
438	0.720794	0.722812
439	0.715968	0.723437
440	0.709004	0.722500
441	0.721350	0.727813
442	0.734500	0.716563
443	0.724420	0.723437
444	0.727035	0.721250
445	0.726064	0.722188
446	0.742411	0.717500
447	0.729536	0.720937
448	0.715340	0.724375
449	0.714720	0.722500
450	0.707753	0.728125
451	0.723917	0.720625
452	0.709919	0.726250
453	0.712205	0.728125
454	0.704913	0.730000
455	0.704313	0.731875
456	0.714033	0.724688
457	0.713524	0.723437
458	0.711103	0.728125
459	0.718495	0.722188
460	0.726800	0.726250
461	0.721164	0.718750
462	0.717111	0.726562
463	0.737861	0.715000
464	0.697346	0.732188
465	0.712966	0.727813
466	0.706263	0.724375
467	0.721155	0.721875
468	0.707496	0.729688
469	0.707343	0.730937
470	0.725633	0.725000
471	0.720697	0.725312
472	0.706525	0.728125
473	0.718967	0.723125
474	0.706879	0.731250
475	0.696903	0.730937
476	0.689068	0.737500
477	0.703259	0.724063
478	0.730421	0.723125
479	0.839985	0.700312
480	0.777880	0.696875
481	0.719517	0.720625
482	0.706248	0.731562
483	0.688659	0.730625
484	0.680509	0.734688
485	0.679989	0.732500
486	0.691786	0.731875
487	0.687302	0.734375
488	0.696037	0.734375
489	0.681214	0.733750
490	0.690331	0.722812
491	0.687530	0.733750
492	0.700416	0.728437
493	0.698869	0.723125
494	0.698362	0.728437
495	0.698220	0.728750
496	0.692054	0.729062
497	0.707446	0.720625
498	0.687935	0.725937
499	0.691304	0.731875
500	0.690528	0.729375
501	0.685783	0.730937
502	0.677531	0.733125
503	0.688696	0.738125
504	0.695112	0.729688
505	0.699912	0.720937
506	0.680295	0.732813
507	0.701969	0.726875
508	0.699842	0.727813
509	0.703633	0.724688
510	0.700628	0.725937
511	0.686357	0.731250
512	0.699033	0.730313
513	0.687518	0.736562
514	0.679742	0.732813
515	0.668639	0.732813
516	0.679251	0.733125
517	0.697942	0.725000
518	0.686226	0.734375
519	0.670513	0.743438
520	0.698880	0.731250
521	0.678060	0.735937
522	0.674707	0.735313
523	0.666379	0.736250
524	0.675995	0.737500
525	0.675306	0.740937
526	0.681841	0.730000
527	0.688917	0.729375
528	0.668880	0.745313
529	0.652652	0.743438
530	0.656337	0.742188
531	0.671463	0.741875
532	0.690166	0.728125
533	0.698292	0.730937
534	0.676621	0.734375
535	0.657772	0.739688
536	0.655660	0.741562
537	0.690743	0.725312
538	0.690779	0.727813
539	0.700497	0.733750
540	0.679019	0.734688
541	0.665926	0.734688
542	0.649356	0.746250
543	0.652590	0.742813
544	0.664597	0.740000
545	0.666181	0.734062
546	0.670016	0.741875
547	0.663396	0.740937
548	0.660352	0.740937
549	0.654635	0.738750
550	0.646728	0.746875
551	0.678890	0.729062
552	0.668925	0.734688
553	0.650097	0.745938
554	0.682011	0.739688
555	0.715310	0.710938
556	0.706107	0.730000
557	0.714763	0.722812
558	0.700258	0.738437
559	0.663755	0.733437
560	0.653025	0.738750
561	0.650380	0.740937
562	0.645930	0.743438
563	0.666838	0.733437
564	0.658409	0.742188
565	0.634688	0.749375
566	0.626295	0.748125
567	0.635659	0.753438
568	0.654220	0.740313
569	0.654968	0.735937
570	0.648883	0.740000
571	0.628643	0.747500
572	0.632775	0.745938
573	0.645214	0.745313
574	0.647111	0.747813
575	0.647595	0.740625
576	0.654983	0.736875
577	0.664849	0.735625
578	0.642954	0.747500
579	0.670537	0.743438
580	0.659661	0.737813
581	0.652896	0.741250
582	0.629986	0.752500
583	0.629385	0.744687
584	0.628235	0.750000
585	0.639351	0.751250
586	0.661858	0.740625
587	0.658858	0.737500
588	0.646860	0.744062
589	0.661631	0.730937
590	0.661173	0.736875
591	0.663786	0.731250
592	0.660238	0.742500
593	0.627567	0.753750
594	0.629420	0.743750
595	0.650238	0.742500
596	0.639380	0.747500
597	0.628026	0.746875
598	0.636040	0.744375
599	0.635636	0.742188
600	0.631248	0.747813
601	0.630237	0.746875
602	0.664621	0.730000
603	0.659540	0.737813
604	0.635274	0.746250
605	0.631612	0.747813
606	0.647626	0.738750
607	0.637715	0.743438
608	0.632018	0.753125
609	0.640341	0.741875
610	0.635360	0.749375
611	0.635771	0.748438
612	0.630129	0.752500
613	0.623754	0.749375
614	0.620268	0.752813
615	0.622059	0.752500
616	0.635217	0.745625
617	0.630418	0.745000
618	0.620391	0.750625
619	0.620053	0.746250
620	0.625111	0.742188
621	0.626735	0.744062
622	0.618469	0.755625
623	0.617610	0.752500
624	0.632388	0.746562
625	0.622801	0.749375
626	0.618745	0.745625
627	0.623966	0.749375
628	0.635765	0.745313
629	0.615674	0.753125
630	0.645413	0.734688
631	0.613734	0.750938
632	0.602955	0.756562
633	0.618615	0.747813
634	0.619353	0.746875
635	0.620895	0.749062
636	0.632624	0.742813
637	0.631193	0.747500
638	0.626499	0.750313
639	0.634688	0.752500
640	0.616797	0.749687
641	0.598141	0.754062
642	0.612378	0.751562
643	0.626866	0.742813
644	0.627849	0.739375
645	0.603150	0.750313
646	0.604259	0.750938
647	0.622797	0.747187
648	0.638442	0.735000
649	0.613978	0.754062
650	0.612449	0.750000
651	0.623840	0.748438
652	0.627876	0.742188
653	0.608504	0.757500
654	0.607953	0.757187
655	0.629594	0.745000
656	0.619843	0.752813
657	0.620573	0.747813
658	0.615108	0.745938
659	0.598208	0.759063
660	0.611236	0.746562
661	0.623652	0.743125
662	0.607336	0.751562
663	0.586138	0.760938
664	0.601654	0.753125
665	0.618246	0.746250
666	0.635108	0.747500
667	0.622471	0.741562
668	0.604966	0.753125
669	0.612725	0.749375
670	0.614232	0.751250
671	0.610001	0.750938
672	0.614961	0.745938
673	0.608023	0.748750
674	0.609464	0.750625
675	0.615339	0.743750
676	0.607526	0.747813
677	0.599046	0.753750
678	0.613213	0.745000
679	0.609293	0.754062
680	0.613708	0.751875
681	0.602577	0.748750
682	0.594918	0.756562
683	0.579663	0.765312
684	0.589374	0.757500
685	0.606230	0.759063
686	0.601509	0.749062
687	0.595075	0.757812
688	0.599727	0.755313
689	0.602617	0.756562
690	0.605327	0.755000
691	0.601438	0.753438
692	0.622463	0.747500
693	0.616956	0.748438
694	0.605363	0.749062
695	0.601797	0.755625
696	0.600213	0.750000
697	0.587533	0.759063
698	0.583253	0.759063
699	0.578538	0.760000
700	0.594760	0.756562
701	0.594109	0.752187
702	0.596671	0.755313
703	0.612063	0.749375
704	0.590139	0.755000
705	0.600870	0.754687
706	0.598586	0.755938
707	0.592151	0.755625
708	0.586412	0.757812
709	0.588481	0.753438
710	0.603372	0.746250
711	0.600009	0.753438
712	0.605210	0.749375
713	0.612170	0.747813
714	0.586890	0.760625
715	0.596618	0.753750
716	0.580707	0.760312
717	0.593299	0.754375
718	0.592583	0.753125
719	0.581687	0.760312
720	0.576842	0.760312
721	0.579325	0.759063
722	0.583090	0.756250
723	0.589224	0.758125
724	0.590631	0.754687
725	0.588394	0.751875
726	0.589200	0.760938
727	0.593931	0.759375
728	0.598255	0.758125
729	0.581383	0.760000
730	0.576558	0.762187
731	0.569776	0.764687
732	0.574744	0.761563
733	0.582793	0.757187
734	0.599507	0.747187
735	0.589310	0.757500
736	0.605105	0.751562
737	0.588740	0.757812
738	0.577653	0.754375
739	0.569747	0.763125
740	0.577634	0.755938
741	0.593104	0.757500
742	0.586662	0.754687
743	0.591176	0.751875
744	0.587815	0.757500
745	0.590760	0.756250
746	0.600935	0.751875
747	0.580387	0.757187
748	0.564530	0.764687
749	0.571635	0.758750
750	0.589770	0.761875
751	0.580735	0.762187
752	0.575422	0.759063
753	0.576642	0.760625
754	0.589425	0.753125
755	0.589689	0.760312
756	0.577127	0.756562
757	0.575349	0.753750
758	0.576622	0.753750
759	0.586698	0.760938
760	0.584258	0.755938
761	0.596250	0.747500
762	0.590761	0.750313
763	0.581682	0.759063
764	0.565257	0.760000
765	0.559201	0.765000
766	0.570270	0.757500
767	0.579182	0.758438
768	0.578315	0.757500
769	0.557328	0.763750
770	0.557190	0.764687
771	0.578515	0.753750
772	0.595238	0.748750
773	0.582793	0.755000
774	0.570794	0.760938
775	0.562700	0.763125
776	0.577042	0.763750
777	0.579842	0.755625
778	0.576019	0.762187
779	0.561877	0.766250
780	0.573884	0.758750
781	0.583230	0.754375
782	0.582771	0.755313
783	0.575574	0.762500
784	0.575666	0.758750
785	0.558695	0.761875
786	0.576135	0.756250
787	0.580604	0.758125
788	0.569827	0.762812
789	0.578446	0.757500
790	0.566134	0.760625
791	0.571375	0.767500
792	0.571032	0.760938
793	0.582741	0.759687
794	0.547447	0.770938
795	0.566420	0.758438
796	0.571486	0.764687
797	0.564437	0.760312
798	0.569178	0.756250
799	0.575803	0.757500
800	0.574096	0.760312
801	0.561021	0.759063
802	0.565823	0.763438
803	0.559175	0.765625
804	0.557507	0.765625
805	0.579479	0.755938
806	0.572820	0.754375
807	0.565427	0.755625
808	0.557463	0.759375
809	0.571578	0.760312
810	0.563563	0.765312
811	0.564300	0.763750
812	0.552341	0.764375
813	0.553721	0.772500
814	0.565365	0.767187
815	0.562869	0.757500
816	0.569335	0.753750
817	0.554753	0.764375
818	0.560577	0.759687
819	0.551513	0.763438
820	0.572262	0.760000
821	0.545756	0.772500
822	0.561518	0.762187
823	0.568097	0.760938
824	0.561346	0.766250
825	0.575575	0.757500
826	0.550189	0.772500
827	0.559093	0.765000
828	0.567909	0.755000
829	0.564417	0.764687
830	0.562372	0.760625
831	0.540343	0.765000
832	0.567747	0.765938
833	0.557762	0.761563
834	0.560827	0.765312
835	0.552933	0.760938
836	0.549768	0.765000
837	0.546784	0.768438
838	0.554830	0.763125
839	0.561788	0.761563
840	0.547854	0.769375
841	0.541114	0.771563
842	0.552868	0.765625
843	0.559547	0.759375
844	0.568656	0.759687
845	0.553879	0.764063
846	0.541854	0.765312
847	0.545956	0.771875
848	0.551284	0.758125
849	0.557406	0.766875
850	0.573596	0.752813
851	0.552423	0.761563
852	0.551332	0.766250
853	0.562169	0.758750
854	0.544581	0.767187
855	0.556913	0.765625
856	0.552220	0.762812
857	0.542459	0.764375
858	0.543450	0.765938
859	0.544849	0.761875
860	0.553490	0.764687
861	0.534670	0.773438
862	0.562054	0.762500
863	0.555794	0.765312
864	0.558298	0.753750
865	0.556998	0.767187
866	0.556125	0.763125
867	0.556610	0.761250
868	0.558736	0.762500
869	0.560228	0.764375
870	0.545401	0.765312
871	0.557258	0.766250
872	0.549433	0.766250
873	0.562179	0.759687
874	0.545162	0.767812
875	0.542470	0.763750
876	0.554478	0.768125
877	0.549921	0.770000
878	0.556074	0.763750
879	0.552879	0.768125
880	0.542769	0.765000
881	0.545760	0.766875
882	0.553562	0.765000
883	0.550897	0.765000
884	0.540730	0.769063
885	0.552778	0.767812
886	0.543741	0.764687
887	0.538633	0.765625
888	0.538753	0.763438
889	0.538889	0.769375
890	0.554600	0.761563
891	0.548444	0.758125
892	0.560972	0.763438
893	0.549425	0.770000
894	0.558157	0.765312
895	0.550632	0.760312
896	0.539215	0.766875
897	0.544298	0.765938
898	0.539645	0.768125
899	0.547216	0.761875
900	0.562454	0.761563
901	0.544059	0.758438
902	0.536496	0.766563
903	0.534457	0.773438
904	0.550277	0.767812
905	0.538711	0.772812
906	0.542005	0.770312
907	0.543613	0.770938
908	0.524620	0.769687
909	0.543895	0.762500
910	0.537627	0.768750
911	0.554861	0.764063
912	0.539838	0.772812
913	0.552669	0.765938
914	0.540399	0.764687
915	0.537242	0.774063
916	0.546246	0.766250
917	0.545272	0.764687
918	0.534674	0.768438
919	0.534381	0.766250
920	0.526326	0.774375
921	0.529011	0.770000
922	0.533750	0.766875
923	0.523937	0.769063
924	0.538370	0.774375
925	0.548742	0.765000
926	0.526197	0.768125
927	0.535672	0.771875
928	0.539231	0.769687
929	0.538212	0.768750
930	0.541789	0.769063
931	0.537801	0.765625
932	0.532376	0.766875
933	0.543121	0.762500
934	0.538939	0.766563
935	0.523724	0.771563
936	0.533688	0.774063
937	0.529750	0.769063
938	0.536525	0.770625
939	0.527254	0.768125
940	0.526387	0.772812
941	0.521612	0.771875
942	0.547945	0.765312
943	0.545888	0.766250
944	0.542240	0.761875
945	0.546560	0.766250
946	0.519677	0.770000
947	0.530668	0.769063
948	0.539716	0.768125
949	0.534458	0.772812
950	0.520395	0.771875
951	0.522482	0.776875
952	0.526917	0.769063
953	0.534621	0.766563
954	0.544432	0.762187
955	0.529625	0.766250
956	0.531337	0.771563
957	0.530906	0.765938
958	0.525206	0.772187
959	0.529963	0.772500
960	0.531238	0.771250
961	0.519797	0.772812
962	0.522849	0.771563
963	0.525346	0.770625
964	0.531982	0.770625
965	0.542083	0.762812
966	0.533323	0.767500
967	0.547938	0.761250
968	0.528297	0.773750
969	0.518255	0.770625
970	0.538463	0.768125
971	0.535896	0.768750
972	0.518769	0.772500
973	0.514990	0.774688
974	0.549046	0.774063
975	0.524461	0.777500
976	0.526972	0.773438
977	0.527884	0.770625
978	0.531957	0.770312
979	0.532970	0.765625
980	0.520757	0.773750
981	0.505231	0.778437
982	0.521947	0.769063
983	0.500776	0.782812
984	0.514778	0.779063
985	0.516353	0.775625
986	0.523467	0.768125
987	0.514064	0.776563
988	0.517499	0.765312
989	0.512598	0.770625
990	0.515384	0.776250
991	0.518557	0.776563
992	0.521543	0.771875
993	0.529945	0.770938
994	0.526365	0.769375
995	0.523408	0.775625
996	0.534876	0.767812
997	0.533275	0.775625
998	0.530321	0.771875
999	0.505058	0.779688
1000	0.515679	0.780625
1001	0.507610	0.775000
1002	0.526959	0.767812
1003	0.527718	0.770000
1004	0.504059	0.784688
1005	0.504888	0.785000
1006	0.520680	0.768750
1007	0.511899	0.780937
1008	0.513574	0.774688
1009	0.519795	0.773750
1010	0.516168	0.771250
1011	0.516332	0.777812
1012	0.499446	0.776563
1013	0.498926	0.779688
1014	0.512626	0.783125
1015	0.516940	0.777188
1016	0.516265	0.783125
1017	0.511900	0.769063
1018	0.516058	0.770000
1019	0.516167	0.773750
1020	0.499411	0.788437
1021	0.515968	0.773750
1022	0.511349	0.777812
1023	0.514900	0.776563
1024	0.514910	0.783437
1025	0.526244	0.765312
1026	0.515443	0.776875
1027	0.507298	0.772500
1028	0.509333	0.777188
1029	0.500921	0.783125
1030	0.506191	0.783750
1031	0.512648	0.780625
1032	0.522238	0.773438
1033	0.514381	0.774375
1034	0.503976	0.777812
1035	0.524335	0.771563
1036	0.517128	0.775625
1037	0.517728	0.775000
1038	0.505325	0.777188
1039	0.493841	0.783437
1040	0.498640	0.783437
1041	0.513837	0.771563
1042	0.500676	0.785625
1043	0.499018	0.785000
1044	0.506485	0.779063
1045	0.528266	0.769687
1046	0.516262	0.769063
1047	0.508290	0.782500
1048	0.504630	0.775625
1049	0.496010	0.783750
1050	0.514901	0.770625
1051	0.498696	0.784063
1052	0.501517	0.778125
1053	0.510853	0.779688
1054	0.522921	0.770312
1055	0.500255	0.781563
1056	0.505999	0.779375
1057	0.495911	0.779375
1058	0.501256	0.772187
1059	0.504756	0.776563
1060	0.507510	0.773750
1061	0.524474	0.768750
1062	0.496789	0.785000
1063	0.496354	0.777188
1064	0.489590	0.781875
1065	0.501913	0.776250
1066	0.493574	0.787188
1067	0.493324	0.779063
1068	0.503898	0.780937
1069	0.511378	0.770312
1070	0.511292	0.771875
1071	0.491938	0.783750
1072	0.498180	0.771563
1073	0.508284	0.774688
1074	0.499058	0.781875
1075	0.486019	0.790000
1076	0.501262	0.784375
1077	0.499598	0.779688
1078	0.497881	0.783750
1079	0.488697	0.777188
1080	0.500023	0.782188
1081	0.495246	0.782812
1082	0.514069	0.771563
1083	0.487923	0.788750
1084	0.517512	0.771563
1085	0.525174	0.765312
1086	0.523325	0.775000
1087	0.537075	0.752500
1088	0.529461	0.773438
1089	0.515451	0.761875
1090	0.494245	0.780937
1091	0.490629	0.777188
1092	0.498294	0.776250
1093	0.476825	0.784688
1094	0.480440	0.782188
1095	0.474606	0.794375
1096	0.489332	0.775625
1097	0.479982	0.781250
1098	0.502885	0.776250
1099	0.493780	0.784375
1100	0.493132	0.780000
1101	0.485230	0.784375
1102	0.479358	0.790625
1103	0.484791	0.787188
1104	0.493710	0.794688
1105	0.505120	0.773750
1106	0.497856	0.784063
1107	0.487124	0.782500
1108	0.495979	0.785625
1109	0.479719	0.786875
1110	0.472906	0.787812
1111	0.482691	0.789375
1112	0.506103	0.776250
1113	0.481410	0.784063
1114	0.482606	0.784375
1115	0.502991	0.778437
1116	0.511884	0.771875
1117	0.504820	0.771250
1118	0.492634	0.785000
1119	0.477036	0.793125
1120	0.487714	0.779688
1121	0.484670	0.788750
1122	0.486180	0.779375
1123	0.480073	0.785312
1124	0.488518	0.775937
1125	0.484779	0.785625
1126	0.504975	0.774063
1127	0.478788	0.787812
1128	0.485118	0.788125
1129	0.482901	0.783437
1130	0.483915	0.787188
1131	0.486432	0.787188
1132	0.501824	0.776875
1133	0.496415	0.774063
1134	0.486174	0.787188
1135	0.480008	0.783125
1136	0.483024	0.784063
1137	0.495093	0.788750
1138	0.498018	0.777188
1139	0.484402	0.791875
1140	0.469468	0.790000
1141	0.495860	0.785000
1142	0.503951	0.778437
1143	0.484053	0.782500
1144	0.485930	0.786250
1145	0.487328	0.780625
1146	0.474260	0.793125
1147	0.468332	0.787188
1148	0.480790	0.789688
1149	0.494790	0.785312
1150	0.468811	0.791562
1151	0.473639	0.791250
1152	0.470281	0.787500
1153	0.495624	0.785312
1154	0.470715	0.785000
1155	0.479912	0.783125
1156	0.486306	0.783125
1157	0.494725	0.782500
1158	0.488050	0.780937
1159	0.478629	0.781250
1160	0.462739	0.794375
1161	0.474788	0.788750
1162	0.484121	0.784688
1163	0.481247	0.787500
1164	0.488490	0.787188
1165	0.473082	0.793750
1166	0.491078	0.780937
1167	0.481823	0.786563
1168	0.468610	0.790313
1169	0.468298	0.798750
1170	0.483592	0.781875
1171	0.479860	0.784688
1172	0.474224	0.790000
1173	0.512749	0.771563
1174	0.517206	0.777188
1175	0.501303	0.778437
1176	0.486764	0.790313
1177	0.473504	0.788125
1178	0.464922	0.795625
1179	0.466840	0.789062
1180	0.466507	0.793750
1181	0.472646	0.791875
1182	0.465268	0.788125
1183	0.478167	0.786250
1184	0.489427	0.786563
1185	0.474017	0.788125
1186	0.464537	0.794688
1187	0.467975	0.790937
1188	0.464209	0.792188
1189	0.470722	0.791250
1190	0.459489	0.794375
1191	0.470000	0.791875
1192	0.466257	0.788437
1193	0.469248	0.789062
1194	0.471237	0.797500
1195	0.474297	0.792188
1196	0.476703	0.780937
1197	0.473681	0.792188
1198	0.478210	0.784688
1199	0.460988	0.788437
1200	0.462238	0.793750
1201	0.457946	0.805938
1202	0.477533	0.790000
1203	0.489281	0.779375
1204	0.485003	0.790937
1205	0.477101	0.785937
1206	0.456831	0.793750
1207	0.473960	0.792813
1208	0.466251	0.786875
1209	0.476667	0.791875
1210	0.461591	0.786563
1211	0.452850	0.795625
1212	0.452875	0.797500
1213	0.466438	0.796250
1214	0.488710	0.780312
1215	0.475981	0.786875
1216	0.459986	0.796562
1217	0.485614	0.782500
1218	0.470479	0.789062
1219	0.462545	0.798125
1220	0.464025	0.792188
1221	0.474457	0.787188
1222	0.484156	0.779063
1223	0.467586	0.796250
1224	0.459438	0.793437
1225	0.456371	0.795625
1226	0.480518	0.787812
1227	0.469483	0.785312
1228	0.432146	0.806250
1229	0.442646	0.796875
1230	0.447311	0.800000
1231	0.469041	0.792813
1232	0.470642	0.786875
1233	0.472583	0.795937
1234	0.466948	0.796875
1235	0.456579	0.795937
1236	0.464523	0.790625
1237	0.460862	0.787188
1238	0.473533	0.789062
1239	0.469783	0.788125
1240	0.463107	0.792813
1241	0.453252	0.800000
1242	0.463750	0.787812
1243	0.470315	0.790625
1244	0.456462	0.787188
1245	0.463980	0.790000
1246	0.457069	0.792188
1247	0.460993	0.798125
1248	0.457309	0.800625
1249	0.472405	0.788437
1250	0.471265	0.791875
1251	0.461475	0.790000
1252	0.468971	0.787812
1253	0.458063	0.801250
1254	0.464470	0.788125
1255	0.463474	0.797500
1256	0.455427	0.796875
1257	0.451906	0.800000
1258	0.461802	0.796562
1259	0.468812	0.786250
1260	0.456721	0.790313
1261	0.459311	0.796875
1262	0.453846	0.795937
1263	0.457180	0.794375
1264	0.448904	0.802188
1265	0.445184	0.805938
1266	0.449180	0.793750
1267	0.447262	0.799375
1268	0.441675	0.804375
1269	0.452998	0.799375
1270	0.472536	0.792813
1271	0.454206	0.798437
1272	0.446525	0.799688
1273	0.470921	0.794375
1274	0.457337	0.798750
1275	0.438754	0.805313
1276	0.443598	0.800000
1277	0.454184	0.792813
1278	0.453024	0.800625
1279	0.463141	0.790313
1280	0.470457	0.794375
1281	0.484765	0.785625
1282	0.472737	0.788437
1283	0.463096	0.783437
1284	0.456411	0.792188
1285	0.462029	0.794688
1286	0.456863	0.793750
1287	0.450690	0.800937
1288	0.432015	0.801250
1289	0.444462	0.798750
1290	0.445611	0.801250
1291	0.452605	0.797500
1292	0.461839	0.794688
1293	0.454817	0.797813
1294	0.447804	0.797813
1295	0.451254	0.791562
1296	0.437458	0.808438
1297	0.446320	0.800937
1298	0.454827	0.796250
1299	0.463375	0.792813
1300	0.450517	0.793750
1301	0.455692	0.799688
1302	0.459749	0.797813
1303	0.453787	0.798750
1304	0.455535	0.797500
1305	0.466629	0.790937
1306	0.456550	0.796562
1307	0.470350	0.790313
1308	0.465328	0.791562
1309	0.424446	0.804062
1310	0.419275	0.813125
1311	0.452094	0.798437
1312	0.449178	0.791875
1313	0.454656	0.792813
1314	0.453021	0.793437
1315	0.475394	0.788750
1316	0.452837	0.788125
1317	0.434684	0.798750
1318	0.445607	0.797188
1319	0.455668	0.795000
1320	0.436009	0.802813
1321	0.441710	0.798750
1322	0.436062	0.801875
1323	0.434109	0.799375
1324	0.443170	0.797813
1325	0.460150	0.790625
1326	0.439742	0.809062
1327	0.454339	0.796562
1328	0.447143	0.804688
1329	0.446477	0.800313
1330	0.451202	0.792813
1331	0.449940	0.799062
1332	0.443275	0.800000
1333	0.440346	0.806250
1334	0.448815	0.798750
1335	0.450300	0.795313
1336	0.439212	0.804688
1337	0.453622	0.794375
1338	0.445342	0.804375
1339	0.440669	0.791250
1340	0.441373	0.800000
1341	0.461842	0.785312
1342	0.463278	0.795000
1343	0.459626	0.788750
1344	0.448333	0.797500
1345	0.443283	0.789688
1346	0.434033	0.810313
1347	0.433032	0.804375
1348	0.448217	0.796562
1349	0.458327	0.790625
1350	0.453720	0.805625
1351	0.456872	0.779688
1352	0.443031	0.798750
1353	0.447242	0.797500
1354	0.456217	0.798437
1355	0.436162	0.808750
1356	0.436816	0.800937
1357	0.435043	0.799688
1358	0.444282	0.796562
1359	0.443959	0.801562
1360	0.429442	0.809375
1361	0.429146	0.805625
1362	0.432058	0.806250
1363	0.434509	0.810938
1364	0.448999	0.799062
1365	0.446634	0.803125
1366	0.422464	0.804375
1367	0.441520	0.803750
1368	0.441628	0.798437
1369	0.454571	0.795000
1370	0.455970	0.800000
1371	0.441460	0.800937
1372	0.439286	0.799688
1373	0.433220	0.805938
1374	0.429160	0.808750
1375	0.435548	0.804062
1376	0.436362	0.808438
1377	0.425212	0.817187
1378	0.433903	0.811250
1379	0.428848	0.810938
1380	0.432244	0.809375
1381	0.439229	0.801562
1382	0.439262	0.809687
1383	0.452647	0.789688
1384	0.452873	0.793125
1385	0.449338	0.791875
1386	0.464333	0.789062
1387	0.464949	0.785312
1388	0.439790	0.801562
1389	0.422742	0.811250
1390	0.412948	0.813125
1391	0.426162	0.813438
1392	0.427755	0.806875
1393	0.429416	0.810313
1394	0.415519	0.817813
1395	0.435651	0.805000
1396	0.446098	0.798750
1397	0.442089	0.802813
1398	0.432516	0.809375
1399	0.428375	0.808438
1400	0.438594	0.802188
1401	0.438956	0.803750
1402	0.431237	0.805313
1403	0.421959	0.815938
1404	0.444396	0.796250
1405	0.453639	0.792500
1406	0.435258	0.806250
1407	0.438125	0.808125
1408	0.434861	0.797188
1409	0.430096	0.799062
1410	0.440612	0.800000
1411	0.425463	0.807813
1412	0.416390	0.810625
1413	0.429148	0.807813
1414	0.419275	0.805938
1415	0.425791	0.811250
1416	0.447660	0.797813
1417	0.444471	0.797813
1418	0.436332	0.804375
1419	0.423529	0.812813
1420	0.417854	0.815938
1421	0.421011	0.809687
1422	0.423967	0.804375
1423	0.433431	0.795625
1424	0.429353	0.803125
1425	0.455849	0.791562
1426	0.484446	0.773750
1427	0.463591	0.785625
1428	0.435053	0.801562
1429	0.434785	0.804375
1430	0.416845	0.815000
1431	0.419807	0.817187
1432	0.426280	0.809687
1433	0.414719	0.811562
1434	0.419037	0.811562
1435	0.430520	0.807187
1436	0.429284	0.807813
1437	0.443234	0.799062
1438	0.425106	0.803437
1439	0.414063	0.812813
1440	0.412993	0.813750
1441	0.433995	0.806250
1442	0.416334	0.815000
1443	0.436254	0.797500
1444	0.412951	0.815313
1445	0.411820	0.813125
1446	0.416663	0.816250
1447	0.414442	0.812187
1448	0.417690	0.811875
1449	0.425894	0.809375
1450	0.412543	0.811562
1451	0.420381	0.809062
1452	0.419922	0.808750
1453	0.449320	0.800313
1454	0.448918	0.794688
1455	0.422378	0.806250
1456	0.406738	0.816875
1457	0.413098	0.812813
1458	0.421973	0.811250
1459	0.424904	0.811250
1460	0.403389	0.824375
1461	0.426162	0.812813
1462	0.426028	0.805938
1463	0.417267	0.812500
1464	0.415868	0.814062
1465	0.425785	0.802500
1466	0.408353	0.820625
1467	0.419566	0.808750
1468	0.446198	0.800313
1469	0.431406	0.804375
1470	0.424123	0.803750
1471	0.429668	0.799375
1472	0.448949	0.793437
1473	0.414636	0.811250
1474	0.439966	0.795313
1475	0.435551	0.796562
1476	0.428603	0.806562
1477	0.428353	0.805313
1478	0.409820	0.812813
1479	0.408816	0.810625
1480	0.423668	0.811562
1481	0.422722	0.804375
1482	0.423449	0.807813
1483	0.416971	0.811875
1484	0.416982	0.809687
1485	0.425159	0.818438
1486	0.419736	0.811562
1487	0.414981	0.809062
1488	0.411096	0.812187
1489	0.407304	0.816562
1490	0.415228	0.821250
1491	0.418701	0.815313
1492	0.431093	0.805000
1493	0.425256	0.800313
1494	0.444617	0.793125
1495	0.409601	0.812813
1496	0.415123	0.820000
1497	0.394256	0.828125
1498	0.390800	0.830625
1499	0.412479	0.820938
1500	0.432498	0.805625
1501	0.412656	0.819375
1502	0.415249	0.810313
1503	0.407734	0.812500
1504	0.431359	0.800625
1505	0.406011	0.814062
1506	0.426362	0.810000
1507	0.433736	0.800313
1508	0.412993	0.813750
1509	0.409628	0.818438
1510	0.404644	0.815938
1511	0.402962	0.822187
1512	0.409746	0.815000
1513	0.419153	0.806250
1514	0.425402	0.806250
1515	0.427761	0.799375
1516	0.409517	0.813750
1517	0.460316	0.788437
1518	0.479058	0.773438
1519	0.449956	0.793437
1520	0.419171	0.808438
1521	0.426420	0.803125
1522	0.394782	0.822500
1523	0.400214	0.829375
1524	0.391777	0.831563
1525	0.401629	0.815313
1526	0.411872	0.817187
1527	0.398960	0.823438
1528	0.385464	0.827187
1529	0.420551	0.815938
1530	0.421016	0.802813
1531	0.414670	0.820000
1532	0.401836	0.825312
1533	0.415636	0.807187
1534	0.421438	0.815000
1535	0.410553	0.814062
1536	0.409005	0.817500
1537	0.400944	0.816250
1538	0.392910	0.823438
1539	0.410417	0.816875
1540	0.409294	0.818438
1541	0.398985	0.825938
1542	0.415392	0.815625
1543	0.421316	0.808125
1544	0.413963	0.814687
1545	0.414686	0.809687
1546	0.410829	0.817813
1547	0.395950	0.826875
1548	0.395697	0.825000
1549	0.422168	0.805000
1550	0.411274	0.808750
1551	0.422379	0.812500
1552	0.414289	0.807500
1553	0.431126	0.799062
1554	0.411352	0.812813
1555	0.413342	0.816250
1556	0.414524	0.809687
1557	0.417750	0.810625
1558	0.398651	0.815313
1559	0.399363	0.816875
1560	0.400135	0.820625
1561	0.383940	0.824063
1562	0.396696	0.823125
1563	0.405154	0.820625
1564	0.412818	0.812500
1565	0.418015	0.813438
1566	0.402457	0.820000
1567	0.387887	0.826250
1568	0.407533	0.814687
1569	0.404594	0.820312
1570	0.408271	0.824375
1571	0.398477	0.825312
1572	0.406678	0.816250
1573	0.408210	0.817187
1574	0.424054	0.807813
1575	0.425604	0.804062
1576	0.420136	0.802188
1577	0.425296	0.800000
1578	0.445946	0.794375
1579	0.426597	0.795625
1580	0.418315	0.809062
1581	0.400049	0.827500
1582	0.382195	0.834687
1583	0.384818	0.832812
1584	0.393523	0.824063
1585	0.395306	0.821250
1586	0.402294	0.815938
1587	0.413134	0.814687
1588	0.393802	0.821563
1589	0.388542	0.825000
1590	0.390291	0.824375
1591	0.392039	0.825938
1592	0.392924	0.828750
1593	0.401670	0.819375
1594	0.407796	0.817187
1595	0.400859	0.820312
1596	0.413316	0.810313
1597	0.413536	0.817187
1598	0.393758	0.823125
1599	0.395671	0.820938
1600	0.401102	0.815625
1601	0.410771	0.811875
1602	0.428691	0.799375
1603	0.444934	0.799688
1604	0.408074	0.805938
1605	0.408232	0.814375
1606	0.396030	0.812187
1607	0.405337	0.815625
1608	0.385073	0.824687
1609	0.395990	0.822500
1610	0.417212	0.808125
1611	0.394968	0.825312
1612	0.395436	0.823125
1613	0.410923	0.818750
1614	0.399799	0.823750
1615	0.388795	0.820312
1616	0.390047	0.828438
1617	0.392935	0.821563
1618	0.408434	0.814375
1619	0.393370	0.818750
1620	0.407812	0.815625
1621	0.379437	0.832187
1622	0.386108	0.821875
1623	0.411497	0.816562
1624	0.417483	0.812813
1625	0.408944	0.811562
1626	0.436375	0.794062
1627	0.417678	0.804062
1628	0.412155	0.810313
1629	0.389341	0.822500
1630	0.406713	0.812500
1631	0.397752	0.823125
1632	0.410169	0.811875
1633	0.404391	0.817813
1634	0.401651	0.813125
1635	0.379991	0.835938
1636	0.368776	0.837188
1637	0.384272	0.831250
1638	0.386928	0.830625
1639	0.404062	0.820312
1640	0.400510	0.816875
1641	0.409257	0.810313
1642	0.403933	0.816562
1643	0.390677	0.819687
1644	0.382763	0.829687
1645	0.413075	0.812500
1646	0.402417	0.814375
1647	0.407559	0.808438
1648	0.427255	0.800000
1649	0.388751	0.822812
1650	0.396531	0.825000
1651	0.397788	0.820000
1652	0.393365	0.821563
1653	0.389274	0.830312
1654	0.389144	0.825625
1655	0.390159	0.818125
1656	0.395249	0.831563
1657	0.382784	0.831563
1658	0.389817	0.825625
1659	0.378256	0.830312
1660	0.388517	0.825938
1661	0.384087	0.828750
1662	0.397137	0.821875
1663	0.386720	0.824687
1664	0.423089	0.807813
1665	0.411222	0.807813
1666	0.433270	0.798750
1667	0.413131	0.814062
1668	0.393254	0.826875
1669	0.390553	0.818438
1670	0.392577	0.823750
1671	0.378690	0.828125
1672	0.396319	0.823125
1673	0.394246	0.821563
1674	0.389532	0.828125
1675	0.382581	0.828125
1676	0.379138	0.829063
1677	0.403628	0.817187
1678	0.411779	0.818750
1679	0.378858	0.825312
1680	0.385999	0.826875
1681	0.382025	0.834687
1682	0.404118	0.816562
1683	0.409551	0.817187
1684	0.400607	0.816250
1685	0.395832	0.815625
1686	0.392796	0.821563
1687	0.380194	0.829687
1688	0.389314	0.825312
1689	0.379083	0.830938
1690	0.403303	0.814375
1691	0.393286	0.816562
1692	0.412932	0.806250
1693	0.419948	0.798125
1694	0.428793	0.800625
1695	0.392239	0.820625
1696	0.391428	0.826250
1697	0.383424	0.832812
1698	0.398798	0.822500
1699	0.354785	0.837812
1700	0.375945	0.835312
1701	0.373845	0.832187
1702	0.374681	0.831563
1703	0.386803	0.822812
1704	0.409344	0.809687
1705	0.388925	0.825625
1706	0.376758	0.831875
1707	0.388075	0.830000
1708	0.383895	0.825312
1709	0.375954	0.832187
1710	0.394950	0.825000
1711	0.392482	0.829687
1712	0.383706	0.835312
1713	0.373490	0.836250
1714	0.372879	0.841875
1715	0.378233	0.830000
1716	0.385167	0.821563
1717	0.382400	0.825625
1718	0.382016	0.830000
1719	0.395845	0.824375
1720	0.403329	0.804062
1721	0.425450	0.793437
1722	0.401090	0.808125
1723	0.421879	0.807187
1724	0.395943	0.819375
1725	0.396802	0.824063
1726	0.372509	0.831250
1727	0.364226	0.845000
1728	0.367018	0.841875
1729	0.360119	0.841250
1730	0.386407	0.828125
1731	0.382797	0.836250
1732	0.388133	0.825312
1733	0.391138	0.829375
1734	0.367210	0.836875
1735	0.374968	0.838437
1736	0.386517	0.830938
1737	0.388823	0.826563
1738	0.399314	0.807500
1739	0.397734	0.815000
1740	0.383747	0.818750
1741	0.389596	0.817813
1742	0.386547	0.817500
1743	0.394232	0.823438
1744	0.366083	0.836875
1745	0.377787	0.829375
1746	0.378609	0.829687
1747	0.387374	0.825938
1748	0.374240	0.836563
1749	0.370997	0.831563
1750	0.383164	0.832812
1751	0.371950	0.836875
1752	0.397740	0.820000
1753	0.366853	0.839688
1754	0.368970	0.835625
1755	0.390691	0.827187
1756	0.382286	0.829375
1757	0.399783	0.811562
1758	0.422284	0.804375
1759	0.393583	0.820000
1760	0.409588	0.808438
1761	0.380858	0.825312
1762	0.387958	0.823750
1763	0.377607	0.835000
1764	0.367987	0.842500
1765	0.376978	0.833750
1766	0.378777	0.830000
1767	0.375403	0.838750
1768	0.376701	0.834063
1769	0.365515	0.842188
1770	0.373507	0.828750
1771	0.389884	0.822500
1772	0.373455	0.826875
1773	0.387123	0.824063
1774	0.367258	0.840312
1775	0.374876	0.832500
1776	0.361553	0.841875
1777	0.385016	0.825625
1778	0.386700	0.824687
1779	0.392046	0.824063
1780	0.388025	0.828750
1781	0.384438	0.825625
1782	0.381919	0.823750
1783	0.391440	0.816875
1784	0.393357	0.812187
1785	0.404567	0.809687
1786	0.376873	0.826250
1787	0.375857	0.829687
1788	0.364349	0.834687
1789	0.367449	0.834063
1790	0.365371	0.829063
1791	0.379969	0.829687
1792	0.370795	0.822187
1793	0.392052	0.823438
1794	0.387098	0.820938
1795	0.408320	0.815000
1796	0.378752	0.826563
1797	0.363146	0.839375
1798	0.357276	0.849375
1799	0.359316	0.844688
1800	0.376078	0.832812
1801	0.385009	0.825625
1802	0.365663	0.837188
1803	0.363978	0.840000
1804	0.381675	0.818438
1805	0.378842	0.828438
1806	0.373674	0.833438
1807	0.412434	0.802813
1808	0.374488	0.825625
1809	0.381419	0.823125
1810	0.364235	0.833438
1811	0.390361	0.827500
1812	0.370873	0.833438
1813	0.359469	0.842500
1814	0.347508	0.847812
1815	0.347937	0.850625
1816	0.361162	0.833750
1817	0.378408	0.822500
1818	0.376983	0.823125
1819	0.403672	0.816250
1820	0.397309	0.815938
1821	0.393790	0.819687
1822	0.360351	0.845937
1823	0.361815	0.831563
1824	0.354632	0.846250
1825	0.357451	0.845937
1826	0.359751	0.845937
1827	0.398647	0.819375
1828	0.377982	0.831563
1829	0.382908	0.830938
1830	0.369861	0.840312
1831	0.372117	0.834687
1832	0.370849	0.827812
1833	0.389847	0.813438
1834	0.365136	0.826875
1835	0.406851	0.812187
1836	0.379424	0.820312
1837	0.386517	0.823125
1838	0.359707	0.837812
1839	0.357900	0.839688
1840	0.358524	0.842188
1841	0.354546	0.840312
1842	0.368302	0.844375
1843	0.356989	0.840000
1844	0.375931	0.829375
1845	0.361276	0.840937
1846	0.372543	0.828750
1847	0.379873	0.826875
1848	0.361625	0.829687
1849	0.368734	0.834687
1850	0.357836	0.837812
1851	0.362787	0.838750
1852	0.371064	0.835938
1853	0.379943	0.830625
1854	0.365882	0.836563
1855	0.367206	0.838750
1856	0.368755	0.832187
1857	0.383545	0.825625
1858	0.372667	0.822812
1859	0.371437	0.830312
1860	0.374227	0.826563
1861	0.370535	0.829687
1862	0.373202	0.826875
1863	0.371672	0.835000
1864	0.356269	0.831875
1865	0.387691	0.822812
1866	0.363804	0.833125
1867	0.374823	0.822812
1868	0.346270	0.845625
1869	0.364592	0.836563
1870	0.357267	0.833438
1871	0.390710	0.823125
1872	0.356294	0.836875
1873	0.371860	0.831875
1874	0.362143	0.839688
1875	0.357045	0.850000
1876	0.347727	0.848125
1877	0.357228	0.846875
1878	0.352184	0.841875
1879	0.361771	0.841250
1880	0.375551	0.835625
1881	0.378887	0.827500
1882	0.367572	0.835312
1883	0.363263	0.838750
1884	0.357639	0.840000
1885	0.372832	0.830938
1886	0.371603	0.833438
1887	0.392261	0.829063
1888	0.372435	0.827812
1889	0.392592	0.827187
1890	0.390645	0.814687
1891	0.395263	0.818750
1892	0.359139	0.842500
1893	0.350404	0.850937
1894	0.353182	0.848125
1895	0.339718	0.850000
1896	0.358275	0.843437
1897	0.355346	0.843437
1898	0.347319	0.847500
1899	0.346901	0.840625
1900	0.348008	0.836875
1901	0.352756	0.838125
1902	0.360235	0.831875
1903	0.388830	0.825312
1904	0.365926	0.831563
1905	0.370281	0.833750
1906	0.338823	0.858125
1907	0.361015	0.842188
1908	0.354779	0.847188
1909	0.360281	0.840937
1910	0.353955	0.846875
1911	0.349388	0.847188
1912	0.355449	0.835000
1913	0.353380	0.847812
1914	0.386658	0.813125
1915	0.417641	0.797188
1916	0.405755	0.804062
1917	0.389534	0.817500
1918	0.352846	0.841875
1919	0.372090	0.829375
1920	0.342263	0.847812
1921	0.341662	0.856250
1922	0.334109	0.852813
1923	0.343552	0.847812
1924	0.344755	0.850000
1925	0.382586	0.827812
1926	0.358083	0.832500
1927	0.365074	0.836250
1928	0.344200	0.850000
1929	0.370166	0.836563
1930	0.353978	0.844375
1931	0.348613	0.843750
1932	0.355868	0.842500
1933	0.348421	0.853125
1934	0.361063	0.835625
1935	0.344599	0.849688
1936	0.348648	0.850312
1937	0.355339	0.840000
1938	0.388728	0.822187
1939	0.395552	0.808750
1940	0.418224	0.799062
1941	0.366843	0.829375
1942	0.357289	0.848437
1943	0.335274	0.852813
1944	0.346736	0.850312
1945	0.346743	0.846875
1946	0.372380	0.835000
1947	0.339271	0.851562
1948	0.351346	0.844063
1949	0.340867	0.849063
1950	0.363897	0.833438
1951	0.348610	0.843437
1952	0.362682	0.845625
1953	0.343367	0.849063
1954	0.369398	0.833125
1955	0.370961	0.835000
1956	0.362472	0.843437
1957	0.346589	0.852813
1958	0.365086	0.829063
1959	0.392349	0.816875
1960	0.383755	0.819687
1961	0.370483	0.828438
1962	0.360186	0.828750
1963	0.378411	0.824063
1964	0.363976	0.831250
1965	0.373649	0.825312
1966	0.334835	0.849688
1967	0.345015	0.848125
1968	0.338710	0.854375
1969	0.354264	0.842812
1970	0.335586	0.859688
1971	0.341099	0.849063
1972	0.333947	0.853125
1973	0.347423	0.844688
1974	0.339786	0.847812
1975	0.361050	0.838750
1976	0.357588	0.840312
1977	0.349564	0.852188
1978	0.362809	0.830938
1979	0.410084	0.802813
1980	0.378274	0.824375
1981	0.378901	0.830000
1982	0.349548	0.845937
1983	0.358131	0.843125
1984	0.337491	0.851562
1985	0.345148	0.855000
1986	0.334397	0.853125
1987	0.337891	0.854062
1988	0.342696	0.857813
1989	0.335932	0.853750
1990	0.338217	0.850937
1991	0.335977	0.853437
1992	0.326974	0.851250
1993	0.343862	0.847500
1994	0.336630	0.859688
1995	0.358010	0.841875
1996	0.356788	0.845625
1997	0.340915	0.848750
1998	0.362745	0.837500
1999	0.376715	0.819687
2000	0.412575	0.798437
2001	0.393419	0.809687
2002	0.381657	0.829375
2003	0.341473	0.852500
2004	0.335251	0.855625
2005	0.333305	0.849688
2006	0.335059	0.858750
2007	0.348099	0.843437
2008	0.345442	0.845937
2009	0.337083	0.850000
2010	0.342254	0.850625
2011	0.334192	0.853125
2012	0.360765	0.838750
2013	0.338399	0.850937
2014	0.333357	0.865000
2015	0.332149	0.848750
2016	0.360848	0.839688
2017	0.360273	0.831563
2018	0.384646	0.825312
2019	0.352484	0.841250
2020	0.365217	0.836563
2021	0.362432	0.832500
2022	0.378501	0.830938
2023	0.339989	0.852188
2024	0.331455	0.856875
2025	0.317374	0.869375
2026	0.319893	0.865313
2027	0.327163	0.864375
2028	0.329646	0.858437
2029	0.329573	0.862500
2030	0.349429	0.853750
2031	0.379305	0.824687
2032	0.394307	0.819375
2033	0.344543	0.838750
2034	0.371639	0.830938
2035	0.345621	0.842812
2036	0.357919	0.838125
2037	0.336364	0.850625
2038	0.362437	0.835000
2039	0.345628	0.850312
2040	0.348870	0.849375
2041	0.339333	0.856875
2042	0.343482	0.847500
2043	0.328052	0.854688
2044	0.320881	0.866250
2045	0.342355	0.848750
2046	0.336663	0.851875
2047	0.323292	0.854688
2048	0.330094	0.858437
2049	0.335572	0.857813
2050	0.343917	0.846563
2051	0.357774	0.835938
2052	0.350986	0.835000
2053	0.369745	0.829687
2054	0.365567	0.827812
2055	0.381141	0.818125
2056	0.349473	0.838125
2057	0.374206	0.825938
2058	0.347194	0.846875
2059	0.320519	0.866562
2060	0.332650	0.862188
2061	0.330462	0.859688
2062	0.331515	0.849688
2063	0.353564	0.840625
2064	0.334703	0.851562
2065	0.340730	0.850312
2066	0.349362	0.842188
2067	0.327253	0.855313
2068	0.344754	0.847500
2069	0.344853	0.841875
2070	0.329501	0.852813
2071	0.361303	0.836875
2072	0.337366	0.853125
2073	0.374342	0.827500
2074	0.339386	0.843125
2075	0.371269	0.827812
2076	0.329959	0.848437
2077	0.349429	0.838750
2078	0.321875	0.860313
2079	0.351112	0.845000
2080	0.330374	0.855937
2081	0.325302	0.859375
2082	0.336460	0.857813
2083	0.342921	0.844375
2084	0.338220	0.848750
2085	0.344339	0.850625
2086	0.319453	0.860937
2087	0.351189	0.843437
2088	0.354638	0.840937
2089	0.330047	0.858437
2090	0.348760	0.851250
2091	0.330965	0.852188
2092	0.333329	0.854688
2093	0.326136	0.863750
2094	0.338484	0.851250
2095	0.340177	0.851250
2096	0.343506	0.845937
2097	0.353188	0.841563
2098	0.354249	0.827500
2099	0.395642	0.806250
2100	0.360637	0.836250
2101	0.342720	0.841250
2102	0.332750	0.847812
2103	0.341505	0.846563
2104	0.319965	0.859062
2105	0.323218	0.862813
2106	0.338886	0.849688
2107	0.339519	0.850000
2108	0.322540	0.856562
2109	0.332445	0.853437
2110	0.318231	0.863125
2111	0.346187	0.840625
2112	0.335293	0.854375
2113	0.314804	0.865000
2114	0.336158	0.855313
2115	0.352712	0.838750
2116	0.342949	0.841875
2117	0.334661	0.850000
2118	0.340628	0.849688
2119	0.343160	0.841250
2120	0.369991	0.826875
2121	0.343105	0.844688
2122	0.349228	0.843750
2123	0.348898	0.839688
2124	0.348305	0.839375
2125	0.332183	0.850625
2126	0.318968	0.863750
2127	0.323367	0.853125
2128	0.344489	0.851250
2129	0.325412	0.853125
2130	0.341240	0.847812
2131	0.326500	0.854375
2132	0.333856	0.850625
2133	0.332740	0.858437
2134	0.352793	0.834375
2135	0.324871	0.861250
2136	0.317628	0.867500
2137	0.318718	0.869687
2138	0.311215	0.864375
2139	0.309302	0.866562
2140	0.324297	0.861562
2141	0.347277	0.840312
2142	0.328412	0.859062
2143	0.328560	0.860000
2144	0.347331	0.840625
2145	0.342587	0.845312
2146	0.361799	0.827812
2147	0.373623	0.815625
2148	0.395325	0.805938
2149	0.344454	0.843125
2150	0.343687	0.846875
2151	0.328595	0.857813
2152	0.333527	0.853125
2153	0.311763	0.865625
2154	0.317551	0.861562
2155	0.323093	0.859375
2156	0.320314	0.868438
2157	0.318975	0.859062
2158	0.348889	0.838125
2159	0.327035	0.849375
2160	0.348008	0.848750
2161	0.317908	0.864375
2162	0.310124	0.868750
2163	0.324440	0.856875
2164	0.364883	0.832187
2165	0.324830	0.849688
2166	0.333035	0.860313
2167	0.343391	0.836875
2168	0.360279	0.834063
2169	0.330670	0.844063
2170	0.319986	0.859062
2171	0.338266	0.846563
2172	0.350555	0.838437
2173	0.305334	0.870625
2174	0.344829	0.853437
2175	0.311726	0.867500
2176	0.317084	0.865313
2177	0.322936	0.860000
2178	0.324899	0.857500
2179	0.325246	0.850937
2180	0.339271	0.849375
2181	0.328316	0.854688
2182	0.345419	0.837188
2183	0.349959	0.840625
2184	0.357775	0.833125
2185	0.325612	0.852500
2186	0.342267	0.844375
2187	0.333036	0.845000
2188	0.364028	0.835938
2189	0.315920	0.860000
2190	0.315936	0.867188
2191	0.305709	0.875625
2192	0.317041	0.865000
2193	0.326514	0.857500
2194	0.324970	0.854375
2195	0.321138	0.857813
2196	0.336516	0.845312
2197	0.311922	0.865937
2198	0.319520	0.862188
2199	0.332158	0.845312
2200	0.329834	0.857500
2201	0.320151	0.860625
2202	0.306410	0.876562
2203	0.336799	0.858125
2204	0.330652	0.847500
2205	0.332163	0.854375
2206	0.335614	0.835625
2207	0.381890	0.819062
2208	0.350189	0.829375
2209	0.351135	0.832187
2210	0.330383	0.846250
2211	0.336153	0.842500
2212	0.314422	0.865313
2213	0.303630	0.868125
2214	0.309632	0.869687
2215	0.308236	0.870938
2216	0.298789	0.873750
2217	0.302840	0.874375
2218	0.323202	0.850312
2219	0.326349	0.859375
2220	0.319922	0.856562
2221	0.345488	0.839688
2222	0.339387	0.842500
2223	0.372989	0.816875
2224	0.327978	0.845937
2225	0.335756	0.848750
2226	0.316949	0.860937
2227	0.346149	0.846563
2228	0.319879	0.856562
2229	0.330838	0.851562
2230	0.305907	0.876875
2231	0.325545	0.856875
2232	0.319888	0.861250
2233	0.312878	0.867500
2234	0.322663	0.855000
2235	0.333476	0.852500
2236	0.315507	0.858750
2237	0.348650	0.845937
2238	0.312742	0.865625
2239	0.328798	0.854688
2240	0.312192	0.863750
2241	0.308776	0.866562
2242	0.306584	0.870313
2243	0.317000	0.869375
2244	0.328745	0.860000
2245	0.329795	0.850937
2246	0.341844	0.844375
2247	0.381892	0.821250
2248	0.368338	0.822500
2249	0.361283	0.827812
2250	0.325181	0.850625
2251	0.316462	0.860625
2252	0.302156	0.863750
2253	0.316817	0.858437
2254	0.317386	0.855000
2255	0.316055	0.863125
2256	0.316624	0.861562
2257	0.324219	0.858437
2258	0.303368	0.875313
2259	0.316589	0.866875
2260	0.311346	0.858437
2261	0.314065	0.868438
2262	0.331490	0.847500
2263	0.343659	0.841563
2264	0.313898	0.857188
2265	0.340716	0.838437
2266	0.313632	0.860000
2267	0.335310	0.851875
2268	0.321016	0.861250
2269	0.308787	0.872187
2270	0.305266	0.874375
2271	0.306038	0.871562
2272	0.321615	0.859688
2273	0.301720	0.868438
2274	0.297409	0.875625
2275	0.308088	0.863437
2276	0.314641	0.863125
2277	0.305663	0.863125
2278	0.323857	0.857188
2279	0.299926	0.874687
2280	0.309491	0.871562
2281	0.315340	0.858125
2282	0.368884	0.831875
2283	0.364061	0.827187
2284	0.401674	0.799688
2285	0.310576	0.863437
2286	0.314374	0.863125
2287	0.297433	0.870938
2288	0.311923	0.866250
2289	0.303710	0.871875
2290	0.301243	0.877813
2291	0.298504	0.872500
2292	0.302883	0.866562
2293	0.304766	0.864375
2294	0.297237	0.875938
2295	0.305211	0.862500
2296	0.313048	0.865625
2297	0.324997	0.862813
2298	0.321790	0.860625
2299	0.329739	0.854375
2300	0.320471	0.857188
2301	0.364429	0.828125
2302	0.353933	0.830000
2303	0.365669	0.829375
2304	0.313581	0.864375
2305	0.309576	0.868750
2306	0.284121	0.877500
2307	0.301757	0.868125
2308	0.301975	0.874375
2309	0.297254	0.869687
2310	0.316209	0.866562
2311	0.287377	0.882187
2312	0.311671	0.862500
2313	0.339974	0.842812
2314	0.305322	0.863125
2315	0.318940	0.863125
2316	0.323575	0.856250
2317	0.329700	0.850937
2318	0.300784	0.868438
2319	0.318642	0.864688
2320	0.295395	0.872813
2321	0.320144	0.862188
2322	0.297602	0.866562
2323	0.349996	0.831563
2324	0.338073	0.841875
2325	0.360164	0.831563
2326	0.303225	0.872500
2327	0.294739	0.868750
2328	0.295622	0.868750
2329	0.314446	0.860937
2330	0.312600	0.865000
2331	0.319378	0.858125
2332	0.287201	0.873125
2333	0.317769	0.862188
2334	0.314391	0.862500
2335	0.305231	0.865000
2336	0.308138	0.862500
2337	0.304720	0.871875
2338	0.324194	0.857500
2339	0.320112	0.853437
2340	0.343459	0.848125
2341	0.315508	0.865000
2342	0.315775	0.863437
2343	0.325922	0.851562
2344	0.334094	0.846563
2345	0.313876	0.860000
2346	0.306114	0.867500
2347	0.295095	0.873438
2348	0.300444	0.866875
2349	0.321369	0.854375
2350	0.329423	0.849375
2351	0.303165	0.863750
2352	0.303115	0.867188
2353	0.294529	0.873438
2354	0.303964	0.871562
2355	0.307050	0.865313
2356	0.309005	0.870000
2357	0.295560	0.870625
2358	0.349241	0.846875
2359	0.311023	0.859375
2360	0.326108	0.858125
2361	0.310394	0.865625
2362	0.310518	0.870625
2363	0.303928	0.868750
2364	0.289461	0.884063
2365	0.294291	0.878438
2366	0.307281	0.867813
2367	0.300870	0.869375
2368	0.307289	0.864062
2369	0.299864	0.871250
2370	0.308166	0.869687
2371	0.295658	0.874375
2372	0.310880	0.867813
2373	0.303523	0.871562
2374	0.295886	0.869062
2375	0.304945	0.873125
2376	0.317688	0.849063
2377	0.385167	0.807813
2378	0.356341	0.831563
2379	0.362568	0.831563
2380	0.306255	0.870313
2381	0.308781	0.867500
2382	0.301575	0.865313
2383	0.319507	0.856875
2384	0.280616	0.882500
2385	0.309471	0.861250
2386	0.289299	0.876562
2387	0.291819	0.873438
2388	0.293372	0.876875
2389	0.301901	0.872187
2390	0.282410	0.879375
2391	0.302530	0.870313
2392	0.278335	0.884375
2393	0.306884	0.865625
2394	0.308941	0.870000
2395	0.303670	0.870313
2396	0.296918	0.870000
2397	0.285618	0.873438
2398	0.324485	0.850000
2399	0.367637	0.832500
2400	0.327969	0.841563
2401	0.341627	0.836250
2402	0.309366	0.868125
2403	0.322841	0.853437
2404	0.288495	0.880000
2405	0.295384	0.878750
2406	0.274294	0.886563
2407	0.290342	0.876250
2408	0.304765	0.863750
2409	0.317248	0.865000
2410	0.289072	0.876875
2411	0.297139	0.875000
2412	0.310804	0.860937
2413	0.336880	0.849688
2414	0.307814	0.869062
2415	0.320718	0.858437
2416	0.292619	0.869375
2417	0.302063	0.864375
2418	0.286555	0.870000
2419	0.304912	0.864062
2420	0.310034	0.860000
2421	0.329403	0.850312
2422	0.307425	0.855625
2423	0.318068	0.861250
2424	0.293848	0.874687
2425	0.286593	0.881562
2426	0.282831	0.882187
2427	0.287789	0.876562
2428	0.289851	0.869375
2429	0.328969	0.848125
2430	0.302245	0.862500
2431	0.323124	0.849375
2432	0.309441	0.861562
2433	0.308223	0.861250
2434	0.283346	0.877813
2435	0.297457	0.872500
2436	0.297250	0.868750
2437	0.320649	0.849063
2438	0.295297	0.876562
2439	0.278828	0.880938
2440	0.269938	0.885000
2441	0.292826	0.879375
2442	0.298381	0.869687
2443	0.336370	0.845937
2444	0.315275	0.860625
2445	0.283976	0.884063
2446	0.282657	0.880313
2447	0.293025	0.870313
2448	0.294387	0.864688
2449	0.337632	0.843750
2450	0.300220	0.859375
2451	0.318015	0.853125
2452	0.305779	0.861562
2453	0.327411	0.847812
2454	0.289391	0.877187
2455	0.275397	0.884687
2456	0.286881	0.876562
2457	0.299650	0.869375
2458	0.294326	0.871875
2459	0.286821	0.877813
2460	0.299546	0.865000
2461	0.298023	0.863125
2462	0.322857	0.855313
2463	0.308919	0.865937
2464	0.323591	0.856875
2465	0.290128	0.880938
2466	0.288610	0.874062
2467	0.287599	0.876250
2468	0.319700	0.858750
2469	0.307717	0.860313
2470	0.295143	0.873750
2471	0.279701	0.877813
2472	0.290486	0.875313
2473	0.289234	0.870313
2474	0.313168	0.854688
2475	0.284466	0.880625
2476	0.281514	0.878750
2477	0.305809	0.865313
2478	0.310440	0.860937
2479	0.305808	0.863750
2480	0.320503	0.852500
2481	0.308780	0.859688
2482	0.330424	0.852500
2483	0.303696	0.864688
2484	0.299818	0.874687
2485	0.266966	0.892500
2486	0.258695	0.893125
2487	0.301363	0.870313
2488	0.313924	0.854688
2489	0.334511	0.842188
2490	0.285138	0.870625
2491	0.291686	0.877187
2492	0.282843	0.881562
2493	0.310596	0.853750
2494	0.283695	0.881562
2495	0.285042	0.875000
2496	0.271003	0.887187
2497	0.292244	0.874062
2498	0.311269	0.857500
2499	0.312339	0.860625
2500	0.315445	0.860313
2501	0.313630	0.860625
2502	0.277801	0.884063
2503	0.298912	0.868438
2504	0.282484	0.873750
2505	0.296688	0.869375
2506	0.301247	0.867188
2507	0.338800	0.847500
2508	0.327141	0.855313
2509	0.331503	0.850312
2510	0.286643	0.887500
2511	0.270859	0.890938
2512	0.267024	0.894063
2513	0.272557	0.890312
2514	0.272726	0.884063
2515	0.294299	0.870313
2516	0.298428	0.863750
2517	0.320368	0.857500
2518	0.287703	0.879687
2519	0.273003	0.889375
2520	0.270015	0.883125
2521	0.274879	0.885312
2522	0.272590	0.882187
2523	0.296776	0.863750
2524	0.301219	0.860937
2525	0.327311	0.846875
2526	0.324326	0.848125
2527	0.345258	0.839063
2528	0.295429	0.866250
2529	0.318258	0.860313
2530	0.269636	0.885312
2531	0.284782	0.880938
2532	0.276452	0.883750
2533	0.282420	0.881875
2534	0.265260	0.889687
2535	0.257346	0.897500
2536	0.269074	0.884687
2537	0.268720	0.886250
2538	0.299113	0.866250
2539	0.310445	0.860313
2540	0.338073	0.844688
2541	0.307800	0.859375
2542	0.312009	0.857188
2543	0.288994	0.874375
2544	0.295604	0.868750
2545	0.269274	0.891250
2546	0.260593	0.896250
2547	0.272215	0.887500
2548	0.309008	0.865000
2549	0.278464	0.884687
2550	0.283941	0.885000
2551	0.275705	0.884063
2552	0.288648	0.873438
2553	0.288832	0.871875
2554	0.339257	0.845000
2555	0.292805	0.875313
2556	0.286932	0.877500
2557	0.281480	0.873438
2558	0.274877	0.878125
2559	0.267730	0.885312
2560	0.297691	0.864062
2561	0.278616	0.878438
2562	0.300511	0.867813
2563	0.303124	0.859688
2564	0.322107	0.855625
2565	0.277286	0.878750
2566	0.289287	0.875625
2567	0.271784	0.881250
2568	0.285796	0.875938
2569	0.278676	0.878750
2570	0.297759	0.868750
2571	0.273699	0.882500
2572	0.291612	0.873125
2573	0.277976	0.878125
2574	0.303003	0.866562
2575	0.286657	0.867500
2576	0.293805	0.875938
2577	0.276949	0.875313
2578	0.294800	0.868750
2579	0.268702	0.891250
2580	0.275691	0.879687
2581	0.273881	0.883438
2582	0.293059	0.871250
2583	0.268270	0.885938
2584	0.281516	0.881562
2585	0.265771	0.888438
2586	0.289870	0.875625
2587	0.282565	0.880313
2588	0.295759	0.869062
2589	0.263840	0.892812
2590	0.260761	0.894375
2591	0.264518	0.892500
2592	0.290260	0.873438
2593	0.290616	0.877187
2594	0.274039	0.885312
2595	0.271387	0.879375
2596	0.292218	0.877500
2597	0.306299	0.864688
2598	0.313467	0.847188
2599	0.294110	0.868125
2600	0.312750	0.857188
2601	0.286179	0.875313
2602	0.280314	0.880938
2603	0.283233	0.880313
2604	0.300613	0.866562
2605	0.300176	0.865000
2606	0.300572	0.863125
2607	0.284698	0.876875
2608	0.280246	0.874062
2609	0.254587	0.897812
2610	0.252833	0.894375
2611	0.273131	0.880000
2612	0.282906	0.878125
2613	0.278579	0.878438
2614	0.299529	0.868438
2615	0.286838	0.876562
2616	0.305564	0.870938
2617	0.297928	0.865937
2618	0.309177	0.859062
2619	0.294105	0.867188
2620	0.306295	0.859062
2621	0.298445	0.865937
2622	0.288247	0.874062
2623	0.254759	0.894375
2624	0.254009	0.897812
2625	0.236709	0.903125
2626	0.261153	0.890000
2627	0.266193	0.884375
2628	0.276194	0.884687
2629	0.277058	0.885625
2630	0.278567	0.890312
2631	0.285961	0.878438
2632	0.277394	0.875625
2633	0.317830	0.854375
2634	0.295604	0.871250
2635	0.325943	0.849688
2636	0.289107	0.872500
2637	0.283651	0.877813
2638	0.269306	0.887187
2639	0.266765	0.886250
2640	0.278469	0.879062
2641	0.277485	0.874375
2642	0.320506	0.851875
2643	0.279409	0.878438
2644	0.273898	0.880000
2645	0.263945	0.889375
2646	0.274500	0.881250
2647	0.258882	0.893438
2648	0.269930	0.893438
2649	0.254432	0.899688
2650	0.249517	0.900937
2651	0.249648	0.897812
2652	0.274534	0.883750
2653	0.267212	0.887500
2654	0.276246	0.875625
2655	0.287767	0.871562
2656	0.309276	0.858750
2657	0.283309	0.872500
2658	0.324594	0.846875
2659	0.293732	0.868750
2660	0.310445	0.861562
2661	0.286660	0.879375
2662	0.263998	0.890312
2663	0.266554	0.890938
2664	0.261591	0.893125
2665	0.272497	0.879062
2666	0.296221	0.872813
2667	0.274640	0.886250
2668	0.261383	0.889063
2669	0.250125	0.895000
2670	0.263804	0.887812
2671	0.253701	0.893438
2672	0.288837	0.873438
2673	0.288007	0.872813
2674	0.314977	0.858437
2675	0.304153	0.862813
2676	0.322751	0.855000
2677	0.273118	0.887812
2678	0.266613	0.892812
2679	0.267096	0.889063
2680	0.260513	0.894687
2681	0.250141	0.899063
2682	0.254064	0.894063
2683	0.265479	0.885625
2684	0.279646	0.880313
2685	0.250669	0.895625
2686	0.257968	0.890000
2687	0.270696	0.887500
2688	0.266755	0.882500
2689	0.284569	0.876562
2690	0.271853	0.876875
2691	0.308680	0.859688
2692	0.270908	0.884063
2693	0.290212	0.867813
2694	0.276059	0.875625
2695	0.331773	0.842812
2696	0.276508	0.875313
2697	0.271388	0.884687
2698	0.259675	0.888438
2699	0.271864	0.880938
2700	0.268643	0.885000
2701	0.283521	0.874062
2702	0.258398	0.888125
2703	0.265826	0.892812
2704	0.259475	0.888125
2705	0.283503	0.876875
2706	0.261074	0.892187
2707	0.273394	0.889063
2708	0.284532	0.872187
2709	0.264980	0.891563
2710	0.247824	0.900312
2711	0.249656	0.899688
2712	0.256317	0.889375
2713	0.290016	0.868750
2714	0.279895	0.876875
2715	0.297637	0.864062
2716	0.278100	0.877187
2717	0.267999	0.883125
2718	0.250500	0.896563
2719	0.264161	0.885938
2720	0.286606	0.872187
2721	0.308202	0.857500
2722	0.262378	0.888750
2723	0.286806	0.879375
2724	0.269327	0.879062
2725	0.268977	0.886875
2726	0.255909	0.894063
2727	0.262302	0.892187
2728	0.258069	0.890625
2729	0.241861	0.903437
2730	0.245346	0.903437
2731	0.277807	0.880313
2732	0.267465	0.888750
2733	0.250912	0.895312
2734	0.277272	0.873125
2735	0.272324	0.884063
2736	0.263504	0.886563
2737	0.248459	0.892812
2738	0.252418	0.894375
2739	0.262138	0.891563
2740	0.300294	0.861562
2741	0.304358	0.859375
2742	0.348438	0.828125
2743	0.281441	0.871875
2744	0.273649	0.877500
2745	0.249137	0.893750
2746	0.255995	0.899688
2747	0.247175	0.891875
2748	0.256277	0.891250
2749	0.227090	0.914688
2750	0.235609	0.910000
2751	0.267341	0.882500
2752	0.282866	0.876250
2753	0.248190	0.897500
2754	0.270956	0.880625
2755	0.269849	0.881250
2756	0.316147	0.855625
2757	0.268917	0.875938
2758	0.326530	0.852500
2759	0.272282	0.875938
2760	0.282858	0.874062
2761	0.246741	0.900625
2762	0.246464	0.896250
2763	0.242351	0.902500
2764	0.270453	0.880938
2765	0.251705	0.896563
2766	0.249600	0.899063
2767	0.257530	0.891875
2768	0.279918	0.876562
2769	0.255105	0.896563
2770	0.236856	0.905000
2771	0.254579	0.893750
2772	0.277353	0.879375
2773	0.244329	0.898125
2774	0.259456	0.885938
2775	0.276736	0.879062
2776	0.261912	0.892187
2777	0.253515	0.895312
2778	0.268974	0.881875
2779	0.257114	0.884687
2780	0.300531	0.866562
2781	0.279246	0.879375
2782	0.312700	0.850312
2783	0.276472	0.877500
2784	0.283061	0.866562
2785	0.254821	0.883438
2786	0.257894	0.891563
2787	0.243716	0.898750
2788	0.240713	0.906250
2789	0.241156	0.901250
2790	0.245553	0.902812
2791	0.281786	0.881875
2792	0.280639	0.880313
2793	0.271614	0.887187
2794	0.255027	0.892500
2795	0.239415	0.903125
2796	0.233257	0.906250
2797	0.275128	0.875313
2798	0.281100	0.869062
2799	0.325195	0.850625
2800	0.269601	0.878438
2801	0.281797	0.869687
2802	0.257187	0.895312
2803	0.246853	0.901875
2804	0.232870	0.905000
2805	0.236387	0.900625
2806	0.242209	0.903750
2807	0.248751	0.894687
2808	0.257987	0.890312
2809	0.305184	0.862500
2810	0.276487	0.872187
2811	0.312923	0.854375
2812	0.259582	0.888125
2813	0.246357	0.898125
2814	0.227085	0.914062
2815	0.233164	0.908125
2816	0.244993	0.898750
2817	0.236404	0.905937
2818	0.230116	0.909375
2819	0.229767	0.905625
2820	0.228885	0.909063
2821	0.247930	0.899063
2822	0.266884	0.885000
2823	0.258155	0.889687
2824	0.249495	0.891563
2825	0.248521	0.899375
2826	0.257407	0.890312
2827	0.321750	0.855937
2828	0.302660	0.860937
2829	0.335019	0.833125
2830	0.281952	0.869062
2831	0.273877	0.885625
2832	0.245437	0.902188
2833	0.250042	0.899688
2834	0.224625	0.910937
2835	0.229264	0.914062
2836	0.222244	0.910000
2837	0.229336	0.902188
2838	0.220581	0.916875
2839	0.239235	0.904375
2840	0.252330	0.891563
2841	0.243637	0.902500
2842	0.236082	0.902500
2843	0.234509	0.903125
2844	0.239706	0.901563
2845	0.285169	0.865937
2846	0.257766	0.888750
2847	0.283080	0.875938
2848	0.283190	0.873125
2849	0.287521	0.877500
2850	0.280092	0.869687
2851	0.293962	0.868438
2852	0.283451	0.874687
2853	0.284467	0.871250
2854	0.237734	0.902188
2855	0.242204	0.906563
2856	0.228731	0.913125
2857	0.247229	0.895000
2858	0.228175	0.908125
2859	0.251061	0.896875
2860	0.237813	0.899063
2861	0.255904	0.891563
2862	0.242699	0.901250
2863	0.271921	0.881562
2864	0.285607	0.869375
2865	0.269500	0.880938
2866	0.241936	0.900312
2867	0.238916	0.901250
2868	0.238791	0.901563
2869	0.268636	0.883125
2870	0.274072	0.878125
2871	0.271396	0.880625
2872	0.252775	0.897812
2873	0.226773	0.910625
2874	0.237974	0.905625
2875	0.237582	0.900937
2876	0.249169	0.890625
2877	0.233281	0.897812
2878	0.254943	0.889687
2879	0.278955	0.875313
2880	0.320982	0.844375
2881	0.308952	0.860937
2882	0.317297	0.859688
2883	0.252172	0.897187
2884	0.258754	0.884687
2885	0.249893	0.894375
2886	0.249186	0.897500
2887	0.222434	0.912188
2888	0.222785	0.911875
2889	0.240230	0.899688
2890	0.226784	0.906875
2891	0.226924	0.909063
2892	0.240427	0.900000
2893	0.246748	0.897187
2894	0.260673	0.886563
2895	0.256116	0.887500
2896	0.269225	0.886250
2897	0.249337	0.888438
2898	0.250876	0.895000
2899	0.263207	0.884375
2900	0.279085	0.874062
2901	0.270497	0.873750
2902	0.290247	0.874687
2903	0.276193	0.873125
2904	0.287753	0.862188
2905	0.243492	0.892812
2906	0.244436	0.895938
2907	0.233403	0.902500
2908	0.245670	0.899688
2909	0.235612	0.901875
2910	0.250105	0.892187
2911	0.255851	0.894375
2912	0.225106	0.908437
2913	0.247100	0.894687
2914	0.248429	0.890938
2915	0.253114	0.885312
2916	0.226621	0.902812
2917	0.243223	0.900312
2918	0.247050	0.891563
2919	0.287592	0.866250
2920	0.261680	0.884375
2921	0.308764	0.857500
2922	0.256076	0.887187
2923	0.267644	0.881250
2924	0.230668	0.906875
2925	0.238287	0.899688
2926	0.230939	0.905312
2927	0.235121	0.903437
2928	0.236711	0.899375
2929	0.233388	0.902500
2930	0.236088	0.895312
2931	0.214984	0.917500
2932	0.213328	0.919688
2933	0.231148	0.901563
2934	0.234954	0.898438
2935	0.269092	0.879687
2936	0.275622	0.870000
2937	0.258128	0.885312
2938	0.308326	0.857500
2939	0.275314	0.875313
2940	0.286911	0.867188
2941	0.222121	0.905312
2942	0.226408	0.905000
2943	0.233004	0.897187
2944	0.223802	0.913750
2945	0.228254	0.907812
2946	0.217366	0.914062
2947	0.234959	0.904063
2948	0.228966	0.908437
2949	0.253259	0.894063
2950	0.252725	0.892500
2951	0.241020	0.895000
2952	0.239862	0.896250
2953	0.232545	0.898438
2954	0.257665	0.886563
2955	0.252831	0.886875
2956	0.284621	0.872500
2957	0.314673	0.847500
2958	0.319228	0.846250
2959	0.238649	0.893438
2960	0.229441	0.907500
2961	0.218001	0.911250
2962	0.208645	0.917813
2963	0.213767	0.919375
2964	0.220223	0.909063
2965	0.215700	0.912188
2966	0.222641	0.908125
2967	0.254059	0.895312
2968	0.222308	0.912500
2969	0.219198	0.913125
2970	0.239340	0.897187
2971	0.226251	0.907188
2972	0.242577	0.895312
2973	0.251153	0.884687
2974	0.275862	0.878125
2975	0.271582	0.876250
2976	0.284994	0.864375
2977	0.245270	0.893750
2978	0.278009	0.876875
2979	0.230209	0.904375
2980	0.242317	0.895312
2981	0.220365	0.913437
2982	0.225243	0.910625
2983	0.241585	0.896875
2984	0.233023	0.899688
2985	0.232712	0.901875
2986	0.224879	0.908437
2987	0.209399	0.918125
2988	0.229119	0.904063
2989	0.234599	0.900625
2990	0.238137	0.903750
2991	0.238873	0.900000
2992	0.238945	0.903437
2993	0.227423	0.906250
2994	0.257238	0.887187
2995	0.301310	0.865000
2996	0.330979	0.845937
2997	0.255303	0.882500
2998	0.257513	0.886875
2999	0.233638	0.902500
3000	0.258294	0.887812
Test result: Loss= 0.252110, Accuracy= 0.88844