########

## 	Model: LSTSM with N=128

########

1	2.186477	0.108438
2	2.183815	0.115938
3	2.184948	0.114688
4	2.183234	0.126875
5	2.181192	0.119687
6	2.178227	0.128125
7	2.180319	0.113438
8	2.182098	0.117812
9	2.181265	0.114375
10	2.180389	0.120625
11	2.178202	0.121563
12	2.178730	0.125313
13	2.178404	0.122813
14	2.177526	0.133125
15	2.178225	0.131250
16	2.176748	0.134062
17	2.175041	0.137187
18	2.174582	0.133750
19	2.175868	0.136875
20	2.173771	0.137812
21	2.172849	0.141875
22	2.174148	0.144375
23	2.170775	0.147500
24	2.172085	0.147500
25	2.169370	0.155000
26	2.167443	0.153437
27	2.167571	0.158438
28	2.167804	0.157188
29	2.164792	0.169687
30	2.164855	0.167812
31	2.162677	0.174688
32	2.160858	0.182187
33	2.160312	0.181875
34	2.162811	0.180000
35	2.159500	0.196250
36	2.158703	0.193750
37	2.157362	0.207500
38	2.154555	0.215000
39	2.151407	0.211875
40	2.151758	0.218750
41	2.150117	0.225625
42	2.150976	0.230312
43	2.149753	0.239375
44	2.148409	0.244062
45	2.146821	0.253750
46	2.143706	0.268125
47	2.142239	0.271875
48	2.139448	0.283437
49	2.138559	0.287500
50	2.136298	0.296250
51	2.132460	0.308750
52	2.131621	0.316563
53	2.129568	0.328125
54	2.129782	0.329375
55	2.123560	0.348437
56	2.122923	0.360312
57	2.120359	0.369687
58	2.117889	0.383438
59	2.114417	0.394062
60	2.111788	0.413750
61	2.107854	0.422188
62	2.106493	0.435937
63	2.103929	0.447500
64	2.100944	0.456875
65	2.099038	0.461875
66	2.097585	0.471563
67	2.092544	0.482188
68	2.091306	0.486562
69	2.086447	0.501562
70	2.083744	0.510938
71	2.078148	0.518438
72	2.077869	0.528125
73	2.073730	0.532812
74	2.068978	0.537812
75	2.064320	0.546562
76	2.061566	0.546875
77	2.055566	0.551875
78	2.054698	0.560000
79	2.051882	0.567813
80	2.044632	0.568750
81	2.042280	0.570938
82	2.037401	0.575312
83	2.032985	0.581875
84	2.028337	0.584687
85	2.024530	0.587500
86	2.018667	0.589063
87	2.016302	0.593125
88	2.007398	0.594688
89	2.006687	0.593125
90	2.000800	0.591563
91	1.996168	0.595312
92	1.989456	0.597500
93	1.989642	0.596875
94	1.980100	0.599063
95	1.977461	0.598750
96	1.971014	0.599688
97	1.964312	0.599688
98	1.957935	0.600000
99	1.952113	0.600000
100	1.946327	0.600000
101	1.940674	0.599688
102	1.934701	0.600000
103	1.928691	0.600000
104	1.922266	0.600000
105	1.916168	0.600000
106	1.909657	0.600000
107	1.898928	0.600000
108	1.896487	0.600000
109	1.888198	0.600000
110	1.878828	0.600000
111	1.873930	0.600000
112	1.867555	0.600000
113	1.861081	0.600000
114	1.852508	0.600000
115	1.843854	0.600000
116	1.837948	0.600000
117	1.826404	0.600000
118	1.817678	0.600000
119	1.804473	0.600000
120	1.801162	0.600000
121	1.792647	0.600000
122	1.777177	0.600000
123	1.768036	0.600000
124	1.761072	0.600000
125	1.751345	0.600000
126	1.739582	0.600000
127	1.732956	0.600000
128	1.715765	0.600000
129	1.707801	0.600000
130	1.693174	0.600000
131	1.680363	0.600000
132	1.670214	0.600000
133	1.660327	0.600000
134	1.643843	0.600000
135	1.626177	0.600000
136	1.614368	0.600000
137	1.602965	0.600000
138	1.586048	0.600000
139	1.571394	0.600000
140	1.556412	0.600000
141	1.541683	0.600000
142	1.528308	0.600000
143	1.512002	0.600000
144	1.501552	0.600000
145	1.482390	0.600000
146	1.472844	0.600000
147	1.454420	0.600000
148	1.447343	0.600000
149	1.437055	0.600000
150	1.422725	0.600000
151	1.416515	0.600000
152	1.400967	0.600000
153	1.392160	0.600000
154	1.380008	0.600000
155	1.369473	0.600000
156	1.356707	0.600000
157	1.348086	0.600000
158	1.336630	0.600000
159	1.322756	0.600000
160	1.311651	0.600000
161	1.296904	0.600000
162	1.280107	0.600000
163	1.265159	0.600000
164	1.252635	0.600000
165	1.232225	0.600000
166	1.214435	0.600000
167	1.200287	0.600000
168	1.181351	0.600000
169	1.170853	0.600000
170	1.179940	0.600000
171	1.146463	0.600000
172	1.147487	0.600000
173	1.131293	0.600000
174	1.138483	0.600000
175	1.106598	0.600000
176	1.106204	0.600000
177	1.098487	0.600000
178	1.122985	0.600000
179	1.073375	0.600000
180	1.064733	0.600000
181	1.059081	0.600000
182	1.068357	0.600000
183	1.079888	0.600000
184	1.125588	0.600000
185	1.051657	0.600000
186	1.035907	0.600000
187	1.034081	0.600000
188	1.029531	0.600000
189	1.040750	0.600000
190	1.022515	0.600000
191	1.045641	0.600000
192	1.007893	0.600000
193	1.018054	0.600625
194	1.013397	0.600000
195	1.048795	0.602813
196	0.987769	0.600625
197	0.986638	0.601875
198	0.987134	0.600937
199	1.019578	0.607500
200	0.990938	0.601562
201	1.032927	0.612813
202	0.970144	0.605937
203	0.972061	0.607500
204	0.978532	0.605313
205	1.022348	0.625938
206	0.961657	0.608437
207	0.974710	0.620313
208	0.976256	0.612813
209	1.028933	0.637187
210	0.945272	0.620000
211	0.942274	0.623125
212	0.938772	0.628438
213	0.935064	0.629687
214	0.932539	0.630000
215	0.937331	0.635312
216	1.000858	0.625625
217	1.108887	0.615000
218	0.983420	0.641563
219	0.927777	0.637500
220	0.931712	0.639687
221	0.931774	0.635625
222	0.950912	0.640000
223	0.944051	0.632187
224	0.985827	0.649375
225	0.923396	0.635938
226	0.929200	0.650625
227	0.929860	0.636563
228	0.962184	0.648750
229	0.929381	0.636563
230	0.956973	0.647500
231	0.925116	0.635000
232	0.942087	0.647187
233	0.923801	0.636875
234	0.945866	0.645625
235	0.919896	0.634375
236	0.940064	0.640625
237	0.920539	0.637187
238	0.937207	0.650937
239	0.915634	0.647500
240	0.934908	0.645938
241	0.915474	0.635938
242	0.931160	0.649688
243	0.912375	0.637812
244	0.929538	0.651563
245	0.910470	0.642500
246	0.927106	0.653125
247	0.908583	0.638438
248	0.922832	0.647187
249	0.906223	0.644063
250	0.918976	0.653750
251	0.903832	0.638438
252	0.917532	0.650312
253	0.903941	0.639063
254	0.920550	0.652812
255	0.900538	0.635625
256	0.913745	0.651250
257	0.897356	0.641875
258	0.910547	0.650625
259	0.895694	0.642812
260	0.910506	0.653125
261	0.895231	0.636563
262	0.908851	0.648750
263	0.893957	0.641875
264	0.902259	0.655625
265	0.889868	0.649063
266	0.898796	0.655000
267	0.889496	0.641250
268	0.898994	0.650312
269	0.889854	0.638750
270	0.901094	0.644687
271	0.888450	0.642500
272	0.897034	0.654375
273	0.886614	0.641563
274	0.893360	0.646875
275	0.882919	0.638125
276	0.888285	0.644063
277	0.880719	0.642812
278	0.889084	0.648750
279	0.884315	0.642187
280	0.898901	0.648438
281	0.888987	0.639375
282	0.898409	0.650625
283	0.881269	0.640312
284	0.883337	0.653125
285	0.871818	0.640312
286	0.873683	0.643750
287	0.868389	0.650625
288	0.872732	0.655937
289	0.874033	0.640938
290	0.891063	0.646563
291	0.899567	0.634687
292	0.928479	0.650625
293	0.882353	0.647187
294	0.875659	0.650937
295	0.861265	0.648750
296	0.857915	0.647500
297	0.854727	0.647187
298	0.853677	0.654063
299	0.852497	0.645312
300	0.852362	0.655937
301	0.858183	0.644063
302	0.874904	0.654375
303	0.961357	0.640625
304	1.051139	0.575625
305	0.853462	0.650000
306	0.853580	0.653750
307	0.855063	0.640000
308	0.852074	0.644063
309	0.850585	0.648750
310	0.849320	0.645625
311	0.848195	0.649375
312	0.850528	0.641875
313	0.847298	0.650312
314	0.846431	0.648125
315	0.845585	0.652500
316	0.844873	0.651250
317	0.843260	0.657500
318	0.842007	0.649688
319	0.841513	0.649688
320	0.844778	0.647812
321	0.861999	0.639687
322	1.106898	0.569687
323	1.076572	0.639375
324	1.020248	0.612188
325	0.852772	0.650625
326	0.846184	0.650312
327	0.845455	0.650000
328	0.846629	0.642187
329	0.847631	0.646250
330	0.845058	0.650937
331	0.845070	0.646563
332	0.844659	0.645625
333	0.842411	0.659375
334	0.844875	0.649063
335	0.842184	0.654688
336	0.841808	0.653750
337	0.841524	0.659063
338	0.840793	0.650625
339	0.839444	0.653750
340	0.839917	0.653125
341	0.839574	0.654375
342	0.840368	0.647812
343	0.841783	0.650000
344	0.838164	0.656250
345	0.838581	0.651875
346	0.837210	0.660312
347	0.838928	0.659063
348	0.843058	0.649063
349	0.913320	0.647187
350	1.611187	0.628438
351	1.022843	0.605000
352	0.860895	0.656563
353	0.846796	0.651563
354	0.842834	0.654375
355	0.842930	0.652500
356	0.841713	0.653125
357	0.842023	0.651563
358	0.840945	0.650000
359	0.840574	0.649063
360	0.839863	0.653750
361	0.841409	0.650312
362	0.840476	0.657188
363	0.839982	0.657812
364	0.839591	0.647500
365	0.839593	0.651875
366	0.839707	0.658125
367	0.837823	0.655000
368	0.838969	0.650000
369	0.837259	0.658125
370	0.838491	0.654688
371	0.836937	0.656250
372	0.837641	0.654688
373	0.838893	0.647500
374	0.834754	0.661563
375	0.837469	0.658437
376	0.837309	0.652500
377	0.836503	0.657812
378	0.833926	0.662812
379	0.836898	0.650000
380	0.836334	0.652500
381	0.836125	0.654375
382	0.836731	0.648438
383	0.835551	0.658437
384	0.836060	0.648750
385	0.835135	0.653125
386	0.834212	0.661250
387	0.835338	0.654063
388	0.837920	0.655625
389	0.870401	0.646250
390	1.343207	0.572500
391	0.860129	0.642812
392	0.855025	0.645000
393	0.838679	0.650312
394	0.838033	0.646250
395	0.837588	0.650000
396	0.837591	0.653750
397	0.837832	0.650000
398	0.837237	0.648438
399	0.838178	0.645312
400	0.835683	0.652188
401	0.836062	0.655000
402	0.835905	0.646563
403	0.833756	0.655625
404	0.836756	0.651250
405	0.836419	0.653750
406	0.835162	0.660937
407	0.837671	0.648438
408	0.836139	0.645625
409	0.834628	0.658125
410	0.834639	0.652500
411	0.834843	0.654688
412	0.836263	0.649063
413	0.834072	0.657188
414	0.834869	0.648125
415	0.834236	0.657812
416	0.835612	0.655000
417	0.833150	0.663437
418	0.840663	0.645938
419	0.984968	0.618438
420	1.920098	0.623438
421	0.987692	0.609688
422	0.854222	0.645312
423	0.842605	0.656875
424	0.839692	0.654688
425	0.838581	0.654063
426	0.837623	0.654063
427	0.835826	0.655000
428	0.836094	0.651875
429	0.836126	0.650625
430	0.836305	0.650000
431	0.834955	0.660312
432	0.834684	0.655000
433	0.835254	0.655312
434	0.834753	0.654063
435	0.835158	0.649375
436	0.833810	0.663750
437	0.835088	0.659063
438	0.834633	0.657188
439	0.836447	0.646563
440	0.834208	0.660625
441	0.836047	0.649063
442	0.835404	0.648750
443	0.834422	0.655625
444	0.835167	0.650937
445	0.835372	0.647500
446	0.834257	0.654063
447	0.835588	0.650625
448	0.834904	0.659375
449	0.835049	0.646875
450	0.834029	0.653437
451	0.834844	0.654375
452	0.833184	0.658750
453	0.833909	0.655625
454	0.831867	0.660937
455	0.831819	0.658125
456	0.832961	0.655312
457	0.834318	0.653750
458	0.832980	0.657812
459	0.832719	0.659375
460	0.834516	0.650625
461	0.831506	0.663125
462	0.832764	0.655625
463	0.830974	0.659688
464	0.831400	0.657188
465	0.833390	0.653437
466	0.832364	0.657188
467	0.831673	0.660312
468	0.834140	0.650312
469	0.831902	0.655937
470	0.832646	0.655312
471	0.831177	0.660000
472	0.833463	0.651875
473	0.834239	0.648125
474	0.832811	0.650312
475	0.830005	0.663437
476	0.831544	0.654688
477	0.832031	0.650937
478	0.833789	0.661875
479	1.018128	0.647500
480	1.404902	0.570312
481	0.852344	0.653125
482	0.836084	0.652188
483	0.835359	0.655937
484	0.835844	0.652812
485	0.834515	0.650000
486	0.833570	0.651563
487	0.835455	0.652500
488	0.835199	0.650312
489	0.835198	0.647187
490	0.835604	0.651563
491	0.834673	0.645312
492	0.834142	0.649375
493	0.834292	0.658125
494	0.834600	0.644687
495	0.833533	0.652500
496	0.834465	0.650000
497	0.833482	0.652500
498	0.832980	0.652188
499	0.833441	0.653125
500	0.832990	0.653750
501	0.832269	0.657188
502	0.833232	0.651875
503	0.832773	0.653437
504	0.833739	0.650937
505	0.832726	0.650625
506	0.831851	0.655000
507	0.833549	0.655312
508	0.834345	0.646563
509	0.833152	0.655000
510	0.832880	0.655625
511	0.832537	0.654375
512	0.832035	0.654688
513	0.829707	0.660312
514	0.832043	0.656563
515	0.831661	0.653125
516	0.831252	0.661563
517	0.831922	0.656875
518	0.831629	0.653125
519	0.832727	0.654688
520	0.832327	0.657188
521	0.832176	0.655625
522	0.835678	0.653125
523	0.891864	0.650625
524	1.483828	0.570938
525	0.840250	0.653437
526	0.834830	0.656875
527	0.834534	0.652188
528	0.834655	0.650625
529	0.834439	0.647500
530	0.835703	0.647500
531	0.832833	0.650312
532	0.834343	0.663437
533	0.833800	0.654688
534	0.832764	0.657500
535	0.833634	0.655625
536	0.834262	0.653125
537	0.833497	0.655937
538	0.832899	0.655312
539	0.833060	0.651563
540	0.833168	0.653125
541	0.832828	0.654688
542	0.833163	0.654375
543	0.832480	0.660312
544	0.834186	0.655312
545	0.833556	0.654375
546	0.832975	0.655937
547	0.832399	0.655625
548	0.832106	0.652500
549	0.832203	0.657500
550	0.833229	0.657500
551	0.832673	0.655000
552	0.832949	0.649375
553	0.833394	0.650000
554	0.832277	0.653125
555	0.831131	0.657500
556	0.832130	0.656250
557	0.831205	0.657812
558	0.831097	0.656563
559	0.831870	0.655312
560	0.831717	0.653125
561	0.831059	0.653125
562	0.831552	0.661250
563	0.831203	0.660000
564	0.854180	0.655625
565	2.449048	0.622500
566	0.941020	0.614062
567	0.846116	0.657812
568	0.840744	0.653437
569	0.838038	0.650937
570	0.836684	0.647187
571	0.836234	0.647500
572	0.834843	0.655000
573	0.833286	0.650625
574	0.834996	0.645312
575	0.833619	0.659063
576	0.833642	0.648438
577	0.832205	0.655625
578	0.832385	0.657188
579	0.833429	0.649063
580	0.833629	0.649063
581	0.833707	0.648125
582	0.833138	0.650312
583	0.832949	0.653125
584	0.832569	0.652812
585	0.834011	0.652188
586	0.833020	0.649375
587	0.832505	0.653437
588	0.833629	0.653750
589	0.832220	0.655937
590	0.831691	0.660937
591	0.831829	0.656250
592	0.833551	0.654688
593	0.832780	0.651250
594	0.831883	0.658125
595	0.832056	0.653437
596	0.832442	0.654375
597	0.831759	0.655937
598	0.832646	0.646875
599	0.832702	0.658437
600	0.832245	0.647500
601	0.832203	0.655937
602	0.831595	0.656563
603	0.831247	0.660000
604	0.831841	0.655312
605	0.832610	0.653125
606	0.832130	0.652812
607	0.831788	0.654375
608	0.832074	0.650312
609	0.831862	0.655000
610	0.833022	0.654063
611	0.831830	0.657188
612	0.832434	0.653125
613	0.831676	0.656875
614	0.831872	0.652500
615	0.831824	0.654375
616	0.831039	0.658125
617	0.830399	0.657188
618	0.830234	0.659688
619	0.832430	0.649375
620	0.831767	0.660625
621	0.832508	0.649375
622	0.831516	0.645625
623	0.831401	0.660312
624	0.830820	0.658125
625	0.830447	0.655625
626	0.831357	0.652188
627	0.831351	0.653437
628	0.830688	0.656250
629	0.829326	0.659063
630	0.829985	0.654063
631	0.830782	0.660000
632	0.832200	0.652500
633	0.831448	0.652812
634	0.831468	0.658437
635	0.830997	0.649688
636	0.830220	0.661250
637	0.829719	0.660937
638	0.830314	0.664062
639	0.829452	0.659063
640	0.830749	0.660937
641	0.831145	0.655625
642	0.829279	0.664688
643	0.831697	0.658750
644	0.833514	0.658750
645	1.091136	0.645625
646	1.304872	0.570312
647	0.845175	0.642187
648	0.836495	0.645000
649	0.834297	0.655625
650	0.833316	0.650000
651	0.832803	0.656250
652	0.832463	0.657500
653	0.833639	0.652188
654	0.832650	0.657812
655	0.833585	0.650937
656	0.833336	0.650937
657	0.833093	0.651563
658	0.833239	0.650937
659	0.832808	0.651875
660	0.832704	0.649688
661	0.832594	0.654688
662	0.831824	0.656250
663	0.832785	0.652812
664	0.831526	0.655625
665	0.832251	0.655625
666	0.832531	0.650000
667	0.832393	0.658437
668	0.832080	0.650625
669	0.832324	0.656563
670	0.831308	0.658437
671	0.833328	0.652500
672	0.831026	0.654063
673	0.831917	0.648125
674	0.831659	0.650000
675	0.831965	0.651250
676	0.832082	0.657188
677	0.831529	0.658437
678	0.831421	0.656875
679	0.829826	0.656563
680	0.831705	0.658437
681	0.831686	0.658750
682	0.831589	0.652500
683	0.831536	0.653750
684	0.830984	0.656250
685	0.831181	0.656563
686	0.831027	0.654688
687	0.830706	0.655625
688	0.831276	0.654375
689	0.831788	0.661563
690	0.831001	0.658125
691	0.831392	0.651875
692	0.831242	0.652188
693	0.830590	0.657500
694	0.830331	0.656250
695	0.831520	0.654688
696	0.830262	0.655937
697	0.831447	0.652500
698	0.830019	0.658750
699	0.831436	0.653125
700	0.829969	0.659063
701	0.831464	0.655937
702	0.830587	0.656563
703	0.831138	0.655625
704	0.830059	0.661250
705	0.830741	0.656875
706	0.830628	0.661563
707	0.830418	0.659063
708	0.831497	0.651875
709	0.830347	0.663125
710	0.831062	0.656250
711	0.829226	0.660000
712	0.830036	0.660000
713	0.850093	0.660312
714	3.134051	0.618438
715	0.860055	0.653125
716	0.841994	0.654688
717	0.838885	0.654375
718	0.837010	0.648750
719	0.835079	0.655000
720	0.833623	0.660625
721	0.834595	0.651250
722	0.834059	0.649688
723	0.833268	0.653750
724	0.833425	0.648125
725	0.833505	0.652812
726	0.833528	0.649688
727	0.831894	0.658125
728	0.833419	0.652500
729	0.832575	0.649063
730	0.832533	0.662500
731	0.831824	0.655625
732	0.832499	0.655625
733	0.832080	0.658437
734	0.831122	0.655000
735	0.831778	0.659375
736	0.832750	0.650000
737	0.832044	0.656250
738	0.831924	0.656875
739	0.832424	0.648125
740	0.832705	0.658437
741	0.831960	0.654688
742	0.831850	0.652812
743	0.831986	0.654688
744	0.831418	0.658750
745	0.831633	0.652188
746	0.831846	0.654375
747	0.832381	0.653750
748	0.831024	0.656563
749	0.831668	0.652500
750	0.830601	0.658437
751	0.831928	0.649063
752	0.830997	0.656875
753	0.831541	0.646250
754	0.832497	0.650000
755	0.831273	0.660312
756	0.830517	0.658125
757	0.831546	0.651250
758	0.831392	0.657188
759	0.830103	0.659375
760	0.830195	0.656563
761	0.830961	0.657500
762	0.830969	0.659063
763	0.831517	0.651563
764	0.831388	0.657500
765	0.830272	0.658125
766	0.831012	0.655312
767	0.830954	0.654063
768	0.831238	0.655625
769	0.831316	0.659688
770	0.831776	0.653750
771	0.831243	0.655625
772	0.831377	0.654375
773	0.831454	0.659063
774	0.831311	0.655937
775	0.830426	0.655625
776	0.830987	0.658125
777	0.830240	0.657188
778	0.830918	0.652500
779	0.831141	0.653437
780	0.831321	0.658437
781	0.830942	0.658437
782	0.829934	0.666875
783	0.830742	0.652812
784	0.831683	0.650937
785	0.830581	0.660000
786	0.830459	0.656563
787	0.830738	0.654063
788	0.831160	0.658125
789	0.830784	0.655937
790	0.830246	0.656875
791	0.830643	0.662500
792	0.830563	0.660000
793	0.829884	0.659688
794	0.829853	0.659375
795	0.830632	0.657188
796	0.829112	0.659063
797	0.830369	0.654063
798	0.829703	0.657812
799	0.830518	0.657812
800	0.830374	0.657188
801	0.830132	0.664062
802	0.829758	0.653125
803	0.830580	0.657188
804	0.830767	0.653437
805	0.830210	0.663125
806	0.830507	0.654063
807	0.830214	0.655625
808	0.830378	0.661250
809	0.829426	0.659063
810	0.830923	0.651563
811	0.830680	0.654375
812	0.829456	0.657812
813	0.829967	0.649688
814	0.830359	0.655937
815	0.830008	0.659688
816	0.831323	0.659688
817	0.835584	0.662188
818	1.394123	0.573125
819	0.835587	0.652812
820	0.832227	0.658125
821	0.833197	0.652500
822	0.832308	0.650625
823	0.832446	0.651875
824	0.832152	0.658750
825	0.832617	0.655625
826	0.832328	0.655000
827	0.831561	0.653437
828	0.832099	0.652812
829	0.832184	0.655000
830	0.832507	0.652812
831	0.832017	0.657500
832	0.831285	0.659688
833	0.831838	0.658750
834	0.831688	0.653750
835	0.832545	0.648125
836	0.831779	0.652500
837	0.832512	0.655625
838	0.831372	0.657812
839	0.831353	0.655625
840	0.831361	0.655625
841	0.831346	0.653437
842	0.830623	0.655937
843	0.831773	0.648438
844	0.831174	0.651875
845	0.831301	0.649063
846	0.830610	0.657188
847	0.831288	0.652188
848	0.831512	0.651875
849	0.830960	0.654375
850	0.830996	0.663750
851	0.829575	0.654063
852	0.830664	0.660312
853	0.830920	0.655312
854	0.830560	0.662188
855	0.830368	0.654688
856	0.831532	0.657188
857	0.832090	0.649375
858	0.830076	0.660312
859	0.830380	0.655312
860	0.831072	0.656875
861	0.830521	0.654375
862	0.830797	0.660312
863	0.829203	0.658125
864	0.830349	0.664375
865	0.830205	0.657812
866	0.832230	0.653125
867	0.832013	0.653437
868	0.830661	0.654688
869	0.852089	0.648750
870	2.361521	0.623750
871	0.868026	0.656250
872	0.842954	0.648438
873	0.836941	0.651563
874	0.836737	0.652812
875	0.835355	0.648750
876	0.835086	0.650000
877	0.834320	0.648438
878	0.833815	0.648438
879	0.833280	0.652500
880	0.832559	0.656250
881	0.832173	0.659688
882	0.832732	0.654063
883	0.833096	0.650312
884	0.832329	0.655000
885	0.833014	0.651563
886	0.831270	0.656563
887	0.831846	0.658750
888	0.832495	0.652188
889	0.832156	0.651563
890	0.833571	0.646250
891	0.831497	0.653750
892	0.832372	0.656250
893	0.831904	0.652188
894	0.832451	0.648125
895	0.831628	0.655312
896	0.831700	0.652188
897	0.832329	0.654063
898	0.832481	0.651875
899	0.832047	0.653125
900	0.831182	0.654063
901	0.831447	0.652812
902	0.831807	0.651563
903	0.831509	0.655000
904	0.832211	0.653125
905	0.831820	0.650625
906	0.831235	0.656250
907	0.832400	0.657500
908	0.830659	0.660000
909	0.831534	0.655312
910	0.832128	0.651250
911	0.831795	0.656250
912	0.830405	0.654375
913	0.831200	0.652500
914	0.831285	0.649688
915	0.831562	0.660000
916	0.831050	0.650937
917	0.831672	0.655312
918	0.831016	0.658125
919	0.830837	0.657188
920	0.832139	0.655000
921	0.831400	0.658437
922	0.831615	0.648125
923	0.830504	0.659375
924	0.830624	0.659063
925	0.830855	0.657188
926	0.830785	0.655312
927	0.832097	0.653750
928	0.831953	0.658125
929	0.830596	0.655000
930	0.830008	0.661563
931	0.832148	0.652812
932	0.830601	0.653750
933	0.830966	0.650937
934	0.830748	0.658437
935	0.831093	0.653125
936	0.831334	0.651563
937	0.830348	0.659063
938	0.831089	0.656250
939	0.830111	0.656875
940	0.830643	0.659375
941	0.830965	0.654375
942	0.831002	0.657188
943	0.829999	0.655312
944	0.829997	0.658125
945	0.830793	0.659688
946	0.831035	0.651250
947	0.830315	0.659063
948	0.830944	0.654063
949	0.830219	0.654375
950	0.830393	0.654063
951	0.830519	0.661563
952	0.829765	0.659375
953	0.830390	0.658750
954	0.831150	0.654063
955	0.830240	0.655625
956	0.830970	0.657188
957	0.830941	0.654688
958	0.830199	0.659688
959	0.829233	0.658750
960	0.829719	0.656563
961	0.830068	0.656250
962	0.830070	0.660937
963	0.831751	0.657500
964	0.830857	0.659063
965	0.830249	0.659375
966	0.829941	0.655625
967	0.828269	0.657812
968	0.830869	0.652812
969	0.830704	0.649063
970	0.832279	0.657500
971	1.391160	0.636250
972	1.060542	0.608750
973	0.834129	0.653750
974	0.834266	0.650937
975	0.833260	0.657500
976	0.833420	0.645625
977	0.832389	0.659375
978	0.832303	0.659375
979	0.832850	0.646875
980	0.832316	0.651250
981	0.832124	0.655937
982	0.832020	0.653437
983	0.832741	0.650312
984	0.832408	0.652812
985	0.832476	0.648125
986	0.831577	0.659688
987	0.831136	0.659375
988	0.831291	0.655000
989	0.832328	0.659375
990	0.831289	0.656875
991	0.831459	0.659688
992	0.832187	0.655937
993	0.830771	0.654375
994	0.831902	0.650937
995	0.830786	0.660625
996	0.831819	0.656875
997	0.831221	0.655000
998	0.831918	0.652812
999	0.831865	0.652812
1000	0.831849	0.653125
1001	0.830920	0.662812
1002	0.832319	0.651875
1003	0.830820	0.660000
1004	0.830899	0.655312
1005	0.830813	0.664062
1006	0.830701	0.661250
1007	0.830581	0.666250
1008	0.830389	0.653437
1009	0.831306	0.657812
1010	0.830617	0.657188
1011	0.831403	0.652500
1012	0.830858	0.654688
1013	0.830850	0.657500
1014	0.831034	0.652812
1015	0.831344	0.654688
1016	0.830884	0.656875
1017	0.831128	0.653437
1018	0.830832	0.660937
1019	0.831002	0.660937
1020	0.831653	0.647812
1021	0.830595	0.657812
1022	0.830445	0.667813
1023	0.829921	0.660625
1024	0.831064	0.658437
1025	0.830836	0.656563
1026	0.830267	0.651250
1027	0.831494	0.651875
1028	0.830896	0.653125
1029	0.829963	0.658750
1030	0.831255	0.656875
1031	0.830999	0.655312
1032	0.830406	0.659375
1033	0.831575	0.653437
1034	0.830535	0.648750
1035	0.830690	0.659063
1036	0.829874	0.661250
1037	0.829336	0.662500
1038	0.830900	0.660312
1039	0.831434	0.655000
1040	0.830741	0.660312
1041	0.831346	0.647812
1042	0.830217	0.657188
1043	0.829711	0.659063
1044	0.830282	0.656250
1045	0.830280	0.655000
1046	0.829708	0.656563
1047	0.830916	0.655625
1048	0.829680	0.660625
1049	0.830100	0.653437
1050	0.829729	0.659063
1051	0.830547	0.658437
1052	0.831237	0.658125
1053	0.830007	0.658125
1054	0.830653	0.653125
1055	0.830626	0.661875
1056	0.829298	0.660937
1057	0.831055	0.657500
1058	0.830243	0.654688
1059	0.830047	0.659375
1060	0.830252	0.660625
1061	0.830370	0.654063
1062	0.830616	0.655625
1063	0.830298	0.659063
1064	0.830970	0.657500
1065	0.830143	0.660625
1066	0.829739	0.660000
1067	0.831554	0.649375
1068	0.830436	0.657812
1069	0.832592	0.648750
1070	1.188859	0.574063
1071	0.889335	0.635000
1072	0.873844	0.656250
1073	0.831841	0.654688
1074	0.833067	0.650625
1075	0.831946	0.648750
1076	0.832335	0.649688
1077	0.832647	0.652500
1078	0.831769	0.648750
1079	0.831318	0.652500
1080	0.831355	0.651250
1081	0.831889	0.651875
1082	0.831953	0.654375
1083	0.831737	0.650312
1084	0.831209	0.653750
1085	0.831540	0.650625
1086	0.831668	0.650625
1087	0.831971	0.654688
1088	0.831377	0.653750
1089	0.831503	0.656563
1090	0.831073	0.657188
1091	0.830499	0.660937
1092	0.831823	0.651875
1093	0.832691	0.645625
1094	0.831198	0.653437
1095	0.831684	0.653125
1096	0.831294	0.657500
1097	0.831817	0.651875
1098	0.831522	0.659063
1099	0.831284	0.662188
1100	0.830935	0.653750
1101	0.830836	0.653750
1102	0.832057	0.650000
1103	0.830430	0.655312
1104	0.831356	0.655625
1105	0.831009	0.659063
1106	0.831798	0.655000
1107	0.831105	0.655937
1108	0.831567	0.655312
1109	0.831426	0.653125
1110	0.830007	0.662812
1111	0.830602	0.656875
1112	0.830048	0.657188
1113	0.831589	0.647500
1114	0.829991	0.660312
1115	0.830524	0.657500
1116	0.830586	0.658437
1117	0.830339	0.654375
1118	0.831114	0.656563
1119	0.830383	0.659063
1120	0.831181	0.652812
1121	0.830256	0.657188
1122	0.831348	0.649375
1123	0.829227	0.663437
1124	0.830523	0.657812
1125	0.830480	0.658750
1126	0.831301	0.653750
1127	0.830077	0.658750
1128	0.829440	0.664688
1129	0.830920	0.654063
1130	0.830403	0.661875
1131	0.830510	0.661563
1132	0.831005	0.652812
1133	0.831167	0.654688
1134	0.830625	0.662188
1135	0.829730	0.658750
1136	0.831255	0.654688
1137	0.830219	0.651875
1138	0.831461	0.650625
1139	0.830840	0.656875
1140	0.830563	0.656875
1141	0.830503	0.658125
1142	0.830964	0.658125
1143	0.830281	0.659688
1144	0.830456	0.660312
1145	0.829889	0.658750
1146	0.829655	0.657188
1147	0.830643	0.653125
1148	0.830340	0.650000
1149	0.830170	0.660937
1150	0.830672	0.660000
1151	0.830637	0.657812
1152	0.831050	0.658750
1153	0.829977	0.661563
1154	0.829697	0.664062
1155	0.830472	0.660000
1156	0.830260	0.658125
1157	0.831550	0.651563
1158	0.833254	0.649688
1159	1.254603	0.574375
1160	0.837411	0.649375
1161	0.831808	0.655625
1162	0.832293	0.651563
1163	0.832058	0.653437
1164	0.832200	0.651875
1165	0.831678	0.659063
1166	0.832717	0.643438
1167	0.832171	0.655000
1168	0.832479	0.652500
1169	0.832002	0.651250
1170	0.831867	0.649688
1171	0.831319	0.658750
1172	0.831821	0.650937
1173	0.830989	0.655312
1174	0.831362	0.652188
1175	0.831988	0.654688
1176	0.831421	0.655625
1177	0.831776	0.648438
1178	0.831375	0.652812
1179	0.831000	0.655000
1180	0.831819	0.652812
1181	0.830742	0.655937
1182	0.831345	0.653125
1183	0.830824	0.658750
1184	0.829941	0.662812
1185	0.831667	0.650625
1186	0.831555	0.652188
1187	0.831221	0.661250
1188	0.830982	0.661563
1189	0.831043	0.658750
1190	0.831071	0.657500
1191	0.830544	0.656875
1192	0.830722	0.660625
1193	0.831711	0.656563
1194	0.830575	0.659375
1195	0.830821	0.655625
1196	0.831226	0.662812
1197	0.830781	0.658125
1198	0.830438	0.658750
1199	0.830990	0.653125
1200	0.831325	0.651250
1201	0.830359	0.661875
1202	0.829970	0.658750
1203	0.831269	0.653750
1204	0.830971	0.656250
1205	0.830029	0.656875
1206	0.830896	0.656563
1207	0.831377	0.653437
1208	0.830861	0.656875
1209	0.830629	0.662188
1210	0.830118	0.661250
1211	0.831169	0.648125
1212	0.830089	0.655000
1213	0.830653	0.655000
1214	0.831303	0.659063
1215	0.830715	0.660625
1216	0.830104	0.658125
1217	0.830573	0.656250
1218	0.830987	0.652500
1219	0.830433	0.659375
1220	0.829400	0.661875
1221	0.830660	0.661875
1222	0.829917	0.657812
1223	0.830949	0.659063
1224	0.830377	0.656563
1225	0.829705	0.658437
1226	0.831145	0.657188
1227	0.830231	0.656563
1228	0.830360	0.655312
1229	0.829527	0.658125
1230	0.830042	0.660937
1231	0.829889	0.654688
1232	0.830831	0.658437
1233	0.830862	0.657812
1234	0.829761	0.663437
1235	0.828906	0.661563
1236	0.830661	0.652812
1237	0.830891	0.653750
1238	0.830442	0.653750
1239	0.830426	0.656250
1240	0.829743	0.658125
1241	0.830249	0.660937
1242	1.031536	0.605937
1243	1.030446	0.635938
1244	0.904131	0.650000
1245	0.833015	0.655937
1246	0.832887	0.651250
1247	0.832967	0.657500
1248	0.832419	0.654688
1249	0.832281	0.657812
1250	0.832781	0.653125
1251	0.831835	0.662188
1252	0.832516	0.652188
1253	0.832279	0.652188
1254	0.831893	0.654063
1255	0.832262	0.653125
1256	0.831539	0.654688
1257	0.831083	0.655625
1258	0.831860	0.656563
1259	0.831722	0.651250
1260	0.831859	0.652188
1261	0.831468	0.652188
1262	0.831448	0.659375
1263	0.831756	0.659063
1264	0.831906	0.653437
1265	0.832026	0.649063
1266	0.831799	0.655000
1267	0.831189	0.655312
1268	0.832049	0.648750
1269	0.830859	0.660937
1270	0.831965	0.655000
1271	0.831094	0.655937
1272	0.831956	0.654063
1273	0.831673	0.650625
1274	0.831729	0.653750
1275	0.831639	0.653437
1276	0.831057	0.659688
1277	0.832379	0.655000
1278	0.831175	0.657812
1279	0.830547	0.660312
1280	0.830249	0.660312
1281	0.831083	0.655625
1282	0.830271	0.659063
1283	0.831199	0.657188
1284	0.831185	0.651250
1285	0.831482	0.657500
1286	0.831090	0.654375
1287	0.829624	0.658750
1288	0.831093	0.656563
1289	0.831357	0.654688
1290	0.830714	0.659688
1291	0.830480	0.655625
1292	0.831361	0.654063
1293	0.831138	0.655000
1294	0.831201	0.654688
1295	0.831101	0.662500
1296	0.830917	0.656875
1297	0.831006	0.660937
1298	0.828808	0.661563
1299	0.830606	0.655000
1300	0.831278	0.657188
1301	0.830898	0.654688
1302	0.829275	0.663125
1303	0.831285	0.654063
1304	0.830604	0.655625
1305	0.830838	0.662812
1306	0.830671	0.653125
1307	0.831116	0.650625
1308	0.831025	0.655625
1309	0.831030	0.655937
1310	0.830978	0.656875
1311	0.830766	0.650625
1312	0.830633	0.655000
1313	0.831293	0.653437
1314	0.829789	0.658750
1315	0.830023	0.661563
1316	0.830770	0.652500
1317	0.830760	0.655625
1318	0.829648	0.657812
1319	0.831157	0.654375
1320	0.831092	0.656875
1321	0.830263	0.656250
1322	0.830495	0.656563
1323	0.830641	0.652812
1324	0.829527	0.663750
1325	0.830231	0.655937
1326	0.829208	0.660937
1327	0.831008	0.658125
1328	0.829482	0.658437
1329	0.831303	0.653750
1330	0.829930	0.652812
1331	0.830850	0.659063
1332	0.829514	0.657812
1333	0.830368	0.661875
1334	0.831395	0.652812
1335	0.830407	0.659063
1336	0.830743	0.652812
1337	0.831611	0.663750
1338	0.914676	0.636563
1339	1.227335	0.642812
1340	0.872579	0.651250
1341	0.834070	0.650312
1342	0.834156	0.648438
1343	0.833297	0.656563
1344	0.832758	0.657812
1345	0.833035	0.650937
1346	0.832275	0.657500
1347	0.833395	0.647812
1348	0.832437	0.653750
1349	0.832323	0.649063
1350	0.831501	0.658750
1351	0.831987	0.655000
1352	0.831646	0.658437
1353	0.831624	0.657188
1354	0.831988	0.654375
1355	0.831379	0.656250
1356	0.832339	0.649688
1357	0.832179	0.651563
1358	0.831080	0.655625
1359	0.832077	0.651250
1360	0.831754	0.648438
1361	0.831954	0.653125
1362	0.831825	0.653750
1363	0.830812	0.656563
1364	0.831831	0.651875
1365	0.831340	0.657188
1366	0.831088	0.653437
1367	0.831754	0.656563
1368	0.830680	0.659688
1369	0.831225	0.654688
1370	0.832398	0.649688
1371	0.831049	0.654063
1372	0.830725	0.657500
1373	0.831405	0.657812
1374	0.830984	0.653437
1375	0.830763	0.651250
1376	0.831769	0.654063
1377	0.831025	0.654688
1378	0.831003	0.655937
1379	0.831181	0.657812
1380	0.830592	0.655312
1381	0.830866	0.656875
1382	0.830651	0.653750
1383	0.830902	0.654688
1384	0.831903	0.650625
1385	0.831754	0.650937
1386	0.831303	0.654375
1387	0.830026	0.665313
1388	0.830623	0.656250
1389	0.830900	0.654375
1390	0.830458	0.656563
1391	0.831651	0.654688
1392	0.831249	0.660625
1393	0.830895	0.661250
1394	0.830429	0.660937
1395	0.830678	0.656875
1396	0.830870	0.655000
1397	0.830334	0.655625
1398	0.830618	0.655625
1399	0.830655	0.656875
1400	0.831083	0.657812
1401	0.831021	0.652500
1402	0.831069	0.651875
1403	0.830619	0.656875
1404	0.831244	0.652812
1405	0.830680	0.660000
1406	0.830028	0.658437
1407	0.830472	0.652500
1408	0.830438	0.652812
1409	0.830062	0.660000
1410	0.831032	0.661563
1411	0.830477	0.659063
1412	0.830787	0.657188
1413	0.830543	0.656250
1414	0.830000	0.658437
1415	0.829446	0.654688
1416	0.829776	0.658125
1417	0.830035	0.658750
1418	0.829690	0.659375
1419	0.830789	0.655000
1420	0.829645	0.659375
1421	0.831407	0.654688
1422	0.830183	0.655937
1423	0.830405	0.656875
1424	0.830887	0.656875
1425	0.830788	0.662188
1426	0.830643	0.654063
1427	0.831277	0.649688
1428	0.830441	0.655000
1429	0.830378	0.655312
1430	0.830107	0.659375
1431	0.830801	0.652500
1432	0.830840	0.658125
1433	0.830175	0.662188
1434	0.830488	0.660937
1435	0.830552	0.656250
1436	0.830527	0.658750
1437	0.830728	0.653750
1438	0.830032	0.657188
1439	0.831149	0.657188
1440	0.830673	0.658750
1441	0.830812	0.659063
1442	0.829525	0.661250
1443	0.830766	0.658437
1444	0.829280	0.656563
1445	0.830108	0.655312
1446	0.830506	0.660000
1447	0.948973	0.645312
1448	1.029232	0.607813
1449	0.831936	0.653125
1450	0.831272	0.663750
1451	0.832200	0.645938
1452	0.831848	0.654063
1453	0.831746	0.647812
1454	0.831762	0.650000
1455	0.830920	0.653125
1456	0.831522	0.654688
1457	0.831388	0.653750
1458	0.831102	0.653437
1459	0.830565	0.648750
1460	0.832266	0.647812
1461	0.830900	0.660937
1462	0.831863	0.651875
1463	0.831216	0.656875
1464	0.831897	0.648125
1465	0.831347	0.651563
1466	0.831111	0.649375
1467	0.831129	0.659063
1468	0.830737	0.654375
1469	0.831648	0.651875
1470	0.830494	0.659063
1471	0.831287	0.654375
1472	0.831411	0.653750
1473	0.831492	0.656875
1474	0.831062	0.653437
1475	0.831095	0.650937
1476	0.830777	0.654375
1477	0.831117	0.652812
1478	0.830962	0.653437
1479	0.831100	0.652188
1480	0.830518	0.658437
1481	0.831130	0.655625
1482	0.831405	0.655625
1483	0.831256	0.657500
1484	0.831202	0.656250
1485	0.831357	0.653437
1486	0.831104	0.658125
1487	0.831270	0.653437
1488	0.830499	0.659375
1489	0.831336	0.652500
1490	0.830637	0.657500
1491	0.830544	0.661563
1492	0.830374	0.659688
1493	0.830168	0.656875
1494	0.831406	0.655625
1495	0.830846	0.654063
1496	0.830384	0.656250
1497	0.830090	0.655625
1498	0.830476	0.657500
1499	0.831237	0.655000
1500	0.830430	0.660000
1501	0.829831	0.661563
1502	0.830837	0.655625
1503	0.829675	0.660937
1504	0.831610	0.651250
1505	0.830917	0.655312
1506	0.830407	0.655000
1507	0.830655	0.656875
1508	0.830490	0.657188
1509	0.829562	0.663125
1510	0.830790	0.652812
1511	0.831251	0.652188
1512	0.830874	0.652188
1513	0.828589	0.659063
1514	0.831326	0.653750
1515	0.830619	0.656563
1516	0.830650	0.653125
1517	0.829946	0.658125
1518	0.830269	0.661875
1519	0.830569	0.653125
1520	0.830314	0.657812
1521	0.830716	0.654688
1522	0.830567	0.657812
1523	0.830541	0.658437
1524	0.831005	0.654375
1525	0.830703	0.650937
1526	0.830815	0.661250
1527	0.830761	0.650000
1528	0.829803	0.660312
1529	0.831108	0.654688
1530	0.830014	0.656250
1531	0.831382	0.657500
1532	0.829659	0.661563
1533	0.830409	0.656875
1534	0.829711	0.660625
1535	0.831502	0.652188
1536	0.830587	0.661563
1537	0.830060	0.659375
1538	0.830414	0.657188
1539	0.830507	0.656875
1540	0.830304	0.656875
1541	0.830321	0.654688
1542	0.830581	0.650937
1543	0.829921	0.660937
1544	0.830549	0.659375
1545	0.830365	0.654375
1546	0.829888	0.657188
1547	0.829856	0.654688
1548	0.831384	0.655312
1549	0.830799	0.661875
1550	0.831559	0.650937
1551	0.831121	0.654688
1552	0.830293	0.663125
1553	0.830950	0.652812
1554	0.830478	0.656563
1555	0.830777	0.659063
1556	0.831114	0.659063
1557	1.032986	0.592812
1558	0.863346	0.647187
1559	0.832752	0.650312
1560	0.831968	0.657500
1561	0.832220	0.648750
1562	0.832104	0.652500
1563	0.831353	0.658437
1564	0.831999	0.651250
1565	0.832154	0.655625
1566	0.831280	0.652500
1567	0.831286	0.655312
1568	0.832179	0.653750
1569	0.831213	0.658125
1570	0.831757	0.655625
1571	0.831861	0.657812
1572	0.829711	0.655625
1573	0.831881	0.650625
1574	0.831826	0.658125
1575	0.831458	0.657500
1576	0.830832	0.657500
1577	0.830959	0.655312
1578	0.831523	0.654688
1579	0.831227	0.655937
1580	0.831366	0.655625
1581	0.831253	0.660937
1582	0.830772	0.654063
1583	0.831311	0.652500
1584	0.831768	0.650625
1585	0.831029	0.655625
1586	0.831595	0.658437
1587	0.831018	0.651563
1588	0.831349	0.660625
1589	0.830870	0.660625
1590	0.830858	0.663125
1591	0.830882	0.656875
1592	0.831007	0.658750
1593	0.831137	0.657500
1594	0.831739	0.652812
1595	0.829548	0.661563
1596	0.831025	0.653125
1597	0.830567	0.660000
1598	0.830938	0.653750
1599	0.831325	0.651563
1600	0.829836	0.663125
1601	0.830665	0.656875
1602	0.830926	0.654375
1603	0.830361	0.660625
1604	0.830622	0.654063
1605	0.831156	0.650312
1606	0.830491	0.653750
1607	0.830496	0.655625
1608	0.830839	0.653437
1609	0.828796	0.657812
1610	0.831730	0.653125
1611	0.831277	0.657812
1612	0.830157	0.654688
1613	0.830943	0.653437
1614	0.830732	0.654688
1615	0.830638	0.659063
1616	0.831049	0.655937
1617	0.830444	0.656250
1618	0.829628	0.664062
1619	0.830625	0.656563
1620	0.830812	0.656563
1621	0.830311	0.654063
1622	0.829513	0.660625
1623	0.830923	0.658437
1624	0.830526	0.654063
1625	0.830355	0.658750
1626	0.831357	0.655937
1627	0.830459	0.659063
1628	0.830678	0.657188
1629	0.831399	0.660000
1630	0.830517	0.656875
1631	0.831128	0.654688
1632	0.830330	0.655000
1633	0.829985	0.657812
1634	0.830527	0.655312
1635	0.830866	0.657188
1636	0.830946	0.653125
1637	0.830733	0.660000
1638	0.830818	0.654063
1639	0.830226	0.653750
1640	0.830730	0.658437
1641	0.830080	0.657188
1642	0.830395	0.657188
1643	0.829609	0.660000
1644	0.829915	0.660312
1645	0.830149	0.659063
1646	0.830349	0.660625
1647	0.830480	0.658437
1648	0.828737	0.666562
1649	0.833064	0.660312
1650	1.326508	0.638438
1651	0.853138	0.650000
1652	0.835692	0.646875
1653	0.834817	0.649375
1654	0.833066	0.659063
1655	0.833192	0.654063
1656	0.832526	0.657188
1657	0.831507	0.665625
1658	0.832382	0.658437
1659	0.832154	0.653750
1660	0.832175	0.653437
1661	0.832891	0.648125
1662	0.831006	0.656250
1663	0.830638	0.656563
1664	0.831711	0.659063
1665	0.831731	0.652812
1666	0.831687	0.653750
1667	0.831055	0.657188
1668	0.832178	0.650937
1669	0.831114	0.653750
1670	0.831721	0.647812
1671	0.831750	0.655000
1672	0.830897	0.657188
1673	0.831473	0.651875
1674	0.830946	0.659063
1675	0.831474	0.657188
1676	0.829930	0.658437
1677	0.831635	0.654063
1678	0.831684	0.648125
1679	0.831333	0.649375
1680	0.831033	0.655312
1681	0.831268	0.652812
1682	0.830726	0.652500
1683	0.830797	0.659375
1684	0.831000	0.655000
1685	0.830381	0.655625
1686	0.830573	0.655937
1687	0.830353	0.657188
1688	0.831416	0.657812
1689	0.831165	0.656250
1690	0.830815	0.660000
1691	0.831248	0.659063
1692	0.831078	0.653437
1693	0.830954	0.652812
1694	0.830514	0.659688
1695	0.830541	0.655000
1696	0.831059	0.657188
1697	0.830931	0.657188
1698	0.830917	0.657500
1699	0.830544	0.652812
1700	0.831453	0.660000
1701	0.830318	0.661250
1702	0.828545	0.660625
1703	0.831481	0.655625
1704	0.829836	0.664062
1705	0.831102	0.651563
1706	0.830953	0.655312
1707	0.830508	0.655312
1708	0.830336	0.660000
1709	0.830591	0.657500
1710	0.831081	0.659063
1711	0.830526	0.660312
1712	0.831097	0.653437
1713	0.830798	0.656563
1714	0.831021	0.653125
1715	0.831089	0.657500
1716	0.831164	0.655625
1717	0.829921	0.660625
1718	0.830634	0.659688
1719	0.830544	0.655000
1720	0.829981	0.665000
1721	0.831142	0.655000
1722	0.829975	0.661563
1723	0.830462	0.658750
1724	0.829885	0.662500
1725	0.830286	0.661875
1726	0.830845	0.658750
1727	0.830388	0.654063
1728	0.830954	0.656250
1729	0.830720	0.653437
1730	0.830509	0.656250
1731	0.830338	0.658437
1732	0.830495	0.655625
1733	0.828706	0.660937
1734	0.830223	0.655625
1735	0.831099	0.652500
1736	0.830089	0.657500
1737	0.830688	0.652812
1738	0.829983	0.658437
1739	0.829621	0.662500
1740	0.829979	0.656563
1741	0.830258	0.660000
1742	0.830416	0.655312
1743	0.830703	0.655000
1744	0.830359	0.659063
1745	0.831450	0.650312
1746	0.831310	0.660312
1747	0.830097	0.658437
1748	0.830657	0.655312
1749	0.830701	0.659063
1750	0.830168	0.663437
1751	0.829853	0.661250
1752	0.830635	0.652500
1753	0.830137	0.655000
1754	0.830999	0.653437
1755	0.829223	0.659688
1756	0.831691	0.651875
1757	0.831334	0.656250
1758	0.831240	0.653437
1759	0.830456	0.662188
1760	0.829499	0.659688
1761	0.830518	0.658125
1762	0.831659	0.649063
1763	0.830806	0.656563
1764	0.829673	0.660937
1765	0.830381	0.657188
1766	0.830769	0.653437
1767	0.829351	0.663125
1768	0.831126	0.657188
1769	0.830097	0.659688
1770	0.830729	0.656250
1771	0.829925	0.658125
1772	0.836712	0.662812
1773	1.257061	0.641875
1774	0.846400	0.649063
1775	0.835517	0.649688
1776	0.834125	0.647500
1777	0.833348	0.652188
1778	0.833086	0.650312
1779	0.832790	0.650000
1780	0.832032	0.662188
1781	0.832559	0.648438
1782	0.832583	0.651563
1783	0.831784	0.655625
1784	0.830912	0.653750
1785	0.832035	0.655000
1786	0.831953	0.650937
1787	0.831991	0.650000
1788	0.831739	0.653750
1789	0.831468	0.656875
1790	0.831529	0.648438
1791	0.832312	0.653750
1792	0.830791	0.659063
1793	0.831873	0.655937
1794	0.830920	0.660625
1795	0.831610	0.649688
1796	0.831009	0.657812
1797	0.831735	0.651563
1798	0.831172	0.655000
1799	0.831604	0.651563
1800	0.831594	0.654375
1801	0.830640	0.661875
1802	0.830899	0.657812
1803	0.831020	0.659375
1804	0.830656	0.657188
1805	0.830886	0.656250
1806	0.831148	0.655000
1807	0.830232	0.658750
1808	0.831412	0.655937
1809	0.829998	0.656250
1810	0.831686	0.657188
1811	0.831063	0.659375
1812	0.830939	0.657812
1813	0.831225	0.653437
1814	0.831015	0.658125
1815	0.830554	0.656875
1816	0.830828	0.657812
1817	0.830516	0.659063
1818	0.829989	0.661563
1819	0.830927	0.653750
1820	0.829688	0.654063
1821	0.830850	0.653750
1822	0.830816	0.655312
1823	0.830924	0.654063
1824	0.831343	0.656563
1825	0.830453	0.659688
1826	0.830980	0.655937
1827	0.831103	0.653125
1828	0.830455	0.658125
1829	0.830975	0.654063
1830	0.830776	0.654063
1831	0.829955	0.661875
1832	0.831492	0.655312
1833	0.830897	0.657188
1834	0.830566	0.652188
1835	0.830726	0.658750
1836	0.830396	0.658750
1837	0.830111	0.653125
1838	0.830526	0.656875
1839	0.830063	0.657500
1840	0.830471	0.656875
1841	0.830230	0.655937
1842	0.831091	0.654375
1843	0.830128	0.657500
1844	0.830084	0.660625
1845	0.830396	0.650312
1846	0.830588	0.660312
1847	0.830459	0.652188
1848	0.830289	0.658125
1849	0.830391	0.653437
1850	0.830161	0.659688
1851	0.830121	0.663750
1852	0.829824	0.654063
1853	0.830527	0.655937
1854	0.829435	0.660625
1855	0.830985	0.655625
1856	0.830497	0.659063
1857	0.831198	0.655937
1858	0.830108	0.660000
1859	0.830251	0.659375
1860	0.829679	0.659375
1861	0.830183	0.658437
1862	0.831210	0.659063
1863	0.830853	0.651563
1864	0.830873	0.658437
1865	0.830358	0.656563
1866	0.831179	0.658437
1867	0.830703	0.654688
1868	0.830855	0.651875
1869	0.830855	0.654688
1870	0.830366	0.656250
1871	0.830479	0.654063
1872	0.830558	0.653125
1873	0.829573	0.659063
1874	0.830035	0.655937
1875	0.831230	0.658125
1876	0.830861	0.653437
1877	0.830165	0.656875
1878	0.830797	0.659063
1879	0.830422	0.662812
1880	0.830549	0.656250
1881	0.830112	0.660625
1882	0.830030	0.660625
1883	0.829910	0.657188
1884	0.830477	0.656250
1885	0.829594	0.660312
1886	0.831009	0.656250
1887	0.831648	0.652500
1888	0.830613	0.657188
1889	0.830656	0.655937
1890	0.829910	0.657812
1891	0.829764	0.660625
1892	0.829916	0.649688
1893	0.829810	0.656250
1894	0.831381	0.654063
1895	0.831131	0.655000
1896	0.833843	0.658437
1897	1.181331	0.637812
1898	0.846784	0.657812
1899	0.833627	0.655312
1900	0.833134	0.652500
1901	0.833266	0.652812
1902	0.832951	0.653125
1903	0.833275	0.651875
1904	0.831129	0.657500
1905	0.831861	0.655625
1906	0.830689	0.655937
1907	0.832814	0.645938
1908	0.831545	0.654688
1909	0.830511	0.661875
1910	0.832006	0.649375
1911	0.831987	0.650937
1912	0.831721	0.654375
1913	0.830545	0.657188
1914	0.831183	0.657812
1915	0.831680	0.653125
1916	0.831791	0.645625
1917	0.831268	0.659063
1918	0.831162	0.652812
1919	0.831239	0.650625
1920	0.831062	0.653750
1921	0.831115	0.655312
1922	0.831940	0.652188
1923	0.831339	0.652500
1924	0.831386	0.658437
1925	0.831499	0.652500
1926	0.830818	0.662500
1927	0.831502	0.658125
1928	0.830603	0.659063
1929	0.830984	0.655625
1930	0.830882	0.656250
1931	0.831388	0.653125
1932	0.830907	0.656875
1933	0.830442	0.654375
1934	0.832093	0.650625
1935	0.831492	0.655625
1936	0.830645	0.659375
1937	0.830870	0.656563
1938	0.830564	0.656875
1939	0.830278	0.657188
1940	0.830811	0.652188
1941	0.830895	0.654688
1942	0.830617	0.656875
1943	0.831156	0.658125
1944	0.829769	0.665625
1945	0.830769	0.655312
1946	0.830968	0.651250
1947	0.830710	0.658125
1948	0.830239	0.657812
1949	0.829812	0.653750
1950	0.831004	0.656563
1951	0.830845	0.658750
1952	0.830516	0.660000
1953	0.831375	0.656250
1954	0.829612	0.660312
1955	0.830312	0.662812
1956	0.829972	0.655625
1957	0.830488	0.661563
1958	0.830438	0.659688
1959	0.830710	0.655312
1960	0.829832	0.658750
1961	0.830662	0.656563
1962	0.830873	0.656563
1963	0.831218	0.659063
1964	0.829288	0.660625
1965	0.829912	0.655000
1966	0.830432	0.658750
1967	0.829568	0.660625
1968	0.830979	0.652812
1969	0.830452	0.664688
1970	0.831247	0.656250
1971	0.831182	0.662812
1972	0.830981	0.652500
1973	0.830174	0.663750
1974	0.829612	0.662812
1975	0.830613	0.647187
1976	0.831632	0.653750
1977	0.829334	0.666250
1978	0.830469	0.659688
1979	0.830076	0.665000
1980	0.830863	0.656563
1981	0.830878	0.652500
1982	0.830040	0.659375
1983	0.830458	0.660625
1984	0.830505	0.653437
1985	0.830461	0.656250
1986	0.830831	0.654063
1987	0.829831	0.656563
1988	0.831136	0.652500
1989	0.830736	0.651563
1990	0.831344	0.654375
1991	0.830385	0.647812
1992	0.828542	0.662500
1993	0.831247	0.651875
1994	0.830337	0.654688
1995	0.830473	0.653437
1996	0.829999	0.658125
1997	0.830582	0.657188
1998	0.830339	0.654063
1999	0.830199	0.650937
2000	0.829779	0.658437
2001	0.831065	0.661250
2002	0.829935	0.663125
2003	0.829868	0.652812
2004	0.829934	0.656250
2005	0.830879	0.657812
2006	0.830559	0.652812
2007	0.829349	0.661250
2008	0.830576	0.659375
2009	0.830970	0.660937
2010	0.830105	0.658125
2011	0.830649	0.657188
2012	0.830515	0.655625
2013	0.829802	0.659688
2014	0.830054	0.661563
2015	0.829534	0.657188
2016	0.830109	0.660000
2017	0.830033	0.661875
2018	0.830169	0.660937
2019	0.829860	0.655625
2020	0.829766	0.660625
2021	0.829636	0.654688
2022	0.831142	0.650625
2023	0.830706	0.656250
2024	0.844294	0.656875
2025	1.067920	0.637812
2026	0.851859	0.650625
2027	0.833501	0.657812
2028	0.831867	0.658437
2029	0.832850	0.658125
2030	0.832357	0.656875
2031	0.831723	0.658437
2032	0.831871	0.653125
2033	0.832464	0.651875
2034	0.831292	0.652812
2035	0.831605	0.660312
2036	0.831347	0.657188
2037	0.831386	0.658437
2038	0.831770	0.654375
2039	0.830539	0.666875
2040	0.830498	0.659688
2041	0.831246	0.654375
2042	0.831360	0.652188
2043	0.830379	0.659375
2044	0.831388	0.655000
2045	0.831745	0.651875
2046	0.830912	0.654688
2047	0.830677	0.657188
2048	0.830898	0.656563
2049	0.829439	0.661563
2050	0.831147	0.652500
2051	0.830677	0.662188
2052	0.830526	0.656250
2053	0.830733	0.658750
2054	0.830437	0.660312
2055	0.830444	0.658125
2056	0.830494	0.655312
2057	0.831662	0.654063
2058	0.830348	0.658125
2059	0.830492	0.650000
2060	0.830418	0.659063
2061	0.830105	0.663750
2062	0.830827	0.658125
2063	0.830445	0.658125
2064	0.830703	0.659375
2065	0.830764	0.655937
2066	0.830167	0.662188
2067	0.831250	0.657188
2068	0.831317	0.654375
2069	0.830228	0.660937
2070	0.829628	0.655625
2071	0.830565	0.650937
2072	0.830281	0.656875
2073	0.830039	0.658437
2074	0.830899	0.654688
2075	0.830649	0.652188
2076	0.829624	0.662500
2077	0.831119	0.653437
2078	0.830952	0.659688
2079	0.830409	0.659375
2080	0.830406	0.655312
2081	0.829601	0.662188
2082	0.830177	0.661250
2083	0.829983	0.653437
2084	0.830722	0.652500
2085	0.830214	0.654688
2086	0.830205	0.657812
2087	0.830237	0.658125
2088	0.829955	0.657188
2089	0.829767	0.657188
2090	0.830141	0.655937
2091	0.830225	0.655000
2092	0.829291	0.658750
2093	0.829838	0.661875
2094	0.830254	0.660312
2095	0.830199	0.655937
2096	0.829536	0.653437
2097	0.830557	0.652812
2098	0.830219	0.663125
2099	0.830766	0.650625
2100	0.830178	0.661875
2101	0.829757	0.661250
2102	0.829837	0.658437
2103	0.829417	0.658125
2104	0.830028	0.660000
2105	0.827852	0.658750
2106	0.830471	0.658750
2107	0.829470	0.665000
2108	0.829597	0.661563
2109	0.830154	0.660000
2110	0.829060	0.656563
2111	0.829047	0.666875
2112	0.830516	0.652812
2113	0.829368	0.668125
2114	0.829635	0.658750
2115	0.829063	0.658125
2116	0.829029	0.662188
2117	0.829175	0.659063
2118	0.830833	0.657188
2119	0.831585	0.656875
2120	0.829667	0.660625
2121	0.828810	0.659375
2122	0.830211	0.655625
2123	0.829017	0.665625
2124	0.828184	0.668750
2125	0.827732	0.659063
2126	0.829924	0.658750
2127	0.827847	0.657812
2128	0.826971	0.668437
2129	0.829373	0.657500
2130	0.830640	0.656563
2131	0.831544	0.653125
2132	0.841581	0.649688
2133	0.949304	0.637187
2134	0.832080	0.654375
2135	0.829531	0.657500
2136	0.829378	0.657188
2137	0.829836	0.662188
2138	0.828754	0.658750
2139	0.828409	0.659375
2140	0.827852	0.663125
2141	0.827406	0.660625
2142	0.828984	0.659375
2143	0.828435	0.659375
2144	0.828782	0.659375
2145	0.828397	0.656563
2146	0.827304	0.665000
2147	0.827031	0.661563
2148	0.828928	0.664062
2149	0.827691	0.665937
2150	0.828025	0.663750
2151	0.827461	0.670313
2152	0.827885	0.665000
2153	0.828502	0.663750
2154	0.827313	0.660625
2155	0.825954	0.670313
2156	0.828074	0.667500
2157	0.825636	0.656875
2158	0.826702	0.669062
2159	0.826929	0.668750
2160	0.826033	0.670000
2161	0.827002	0.664688
2162	0.825212	0.657188
2163	0.823099	0.670313
2164	0.825856	0.662812
2165	0.826659	0.666250
2166	0.826471	0.661875
2167	0.829208	0.660937
2168	0.825433	0.657188
2169	0.826541	0.665625
2170	0.826334	0.662812
2171	0.822979	0.673750
2172	0.824684	0.660625
2173	0.822844	0.666562
2174	0.823458	0.657188
2175	0.839719	0.657500
2176	0.826552	0.660625
2177	0.824748	0.673437
2178	0.824728	0.661250
2179	0.824407	0.669688
2180	0.827545	0.660625
2181	0.825849	0.656250
2182	0.828804	0.657188
2183	0.832731	0.654063
2184	0.826046	0.660312
2185	0.827348	0.662500
2186	0.825633	0.665313
2187	0.824106	0.669688
2188	0.825233	0.658750
2189	0.831121	0.661563
2190	0.825585	0.660937
2191	0.826306	0.661250
2192	0.826249	0.662812
2193	0.828141	0.655625
2194	0.824409	0.662812
2195	0.828148	0.663125
2196	0.825572	0.664375
2197	0.826749	0.663437
2198	0.824518	0.661250
2199	0.824566	0.666875
2200	0.823967	0.660312
2201	0.826147	0.662812
2202	0.824815	0.659063
2203	0.825570	0.660312
2204	0.825138	0.655000
2205	0.829553	0.657500
2206	0.824376	0.658750
2207	0.825068	0.662188
2208	0.824766	0.661563
2209	0.823424	0.659063
2210	0.823895	0.659375
2211	0.826877	0.659063
2212	0.826873	0.662188
2213	0.828575	0.660000
2214	0.825394	0.667500
2215	0.823922	0.670625
2216	0.823735	0.660937
2217	0.826767	0.656563
2218	0.825618	0.659063
2219	0.825014	0.668750
2220	0.824792	0.662812
2221	0.828543	0.663750
2222	0.826300	0.660625
2223	0.824192	0.665625
2224	0.824538	0.658437
2225	0.825121	0.665313
2226	0.824095	0.663437
2227	0.826265	0.656875
2228	0.825332	0.661875
2229	0.827401	0.661250
2230	0.823381	0.655937
2231	0.824360	0.665313
2232	0.822228	0.663750
2233	0.823512	0.667500
2234	0.825618	0.663125
2235	0.821707	0.671875
2236	0.821844	0.666875
2237	0.822298	0.669062
2238	0.825798	0.656250
2239	0.827703	0.665625
2240	0.825862	0.658750
2241	0.827458	0.668125
2242	0.824511	0.658750
2243	0.822248	0.667188
2244	0.821245	0.666875
2245	0.821082	0.661250
2246	0.821553	0.665000
2247	0.823243	0.657812
2248	0.828029	0.655937
2249	0.826789	0.660312
2250	0.825823	0.660000
2251	0.822918	0.666875
2252	0.822181	0.665625
2253	0.820197	0.669688
2254	0.822930	0.662812
2255	0.825815	0.658750
2256	0.824054	0.663125
2257	0.827338	0.661563
2258	0.823585	0.657188
2259	0.825573	0.659063
2260	0.823802	0.661250
2261	0.821999	0.665000
2262	0.825170	0.662500
2263	0.819884	0.667813
2264	0.822356	0.661563
2265	0.821668	0.664375
2266	0.825159	0.664688
2267	0.822752	0.667813
2268	0.824077	0.665313
2269	0.826054	0.656875
2270	0.819621	0.672813
2271	0.825157	0.663437
2272	0.823200	0.665313
2273	0.823636	0.660937
2274	0.821467	0.670625
2275	0.822334	0.670000
2276	0.823083	0.662812
2277	0.819528	0.669062
2278	0.818938	0.665313
2279	0.822402	0.667188
2280	0.826028	0.668437
2281	0.823381	0.668437
2282	0.825618	0.660000
2283	0.823956	0.665937
2284	0.821428	0.665313
2285	0.822811	0.666250
2286	0.819921	0.669688
2287	0.825069	0.668125
2288	0.820292	0.664375
2289	0.819201	0.666875
2290	0.817267	0.666250
2291	0.819725	0.669688
2292	0.822899	0.662188
2293	0.821159	0.668125
2294	0.823365	0.658125
2295	0.823967	0.666250
2296	0.819689	0.670000
2297	0.825815	0.667813
2298	0.826255	0.663750
2299	0.824904	0.661563
2300	0.821156	0.662188
2301	0.824096	0.667813
2302	0.821776	0.659375
2303	0.817836	0.669062
2304	0.822090	0.663125
2305	0.820265	0.665313
2306	0.821542	0.656875
2307	0.821651	0.664062
2308	0.821567	0.668125
2309	0.821751	0.667500
2310	0.822746	0.664062
2311	0.822497	0.663750
2312	0.821817	0.660937
2313	0.821266	0.671562
2314	0.820331	0.664375
2315	0.822359	0.665313
2316	0.818743	0.665625
2317	0.821781	0.662812
2318	0.819861	0.666250
2319	0.822647	0.669375
2320	0.821640	0.662500
2321	0.820638	0.662188
2322	0.821071	0.669062
2323	0.823647	0.670000
2324	0.821975	0.669688
2325	0.818499	0.670625
2326	0.819094	0.667813
2327	0.820126	0.666562
2328	0.822793	0.661250
2329	0.817425	0.671875
2330	0.823165	0.667500
2331	0.823996	0.665625
2332	0.821521	0.675000
2333	0.822022	0.661875
2334	0.821413	0.668750
2335	0.822188	0.665937
2336	0.820247	0.661563
2337	0.820815	0.669688
2338	0.827046	0.655937
2339	0.820725	0.661875
2340	0.817139	0.667188
2341	0.822611	0.660000
2342	0.818242	0.670313
2343	0.822028	0.670313
2344	0.820386	0.669375
2345	0.822747	0.659688
2346	0.820048	0.662500
2347	0.821223	0.665937
2348	0.821840	0.667813
2349	0.827223	0.663125
2350	0.818720	0.666250
2351	0.818175	0.668125
2352	0.821921	0.665937
2353	0.818717	0.663437
2354	0.820406	0.662500
2355	0.820159	0.659375
2356	0.824658	0.665313
2357	0.825578	0.664375
2358	0.826141	0.669062
2359	0.818222	0.673125
2360	0.819650	0.670625
2361	0.817432	0.664062
2362	0.817732	0.667188
2363	0.820244	0.668437
2364	0.821059	0.667500
2365	0.823258	0.663437
2366	0.824556	0.663125
2367	0.822479	0.661250
2368	0.822966	0.666562
2369	0.823807	0.669375
2370	0.821728	0.665937
2371	0.819936	0.668125
2372	0.819917	0.663125
2373	0.816118	0.672500
2374	0.816520	0.665625
2375	0.816535	0.665937
2376	0.816908	0.669375
2377	0.825882	0.667188
2378	0.822076	0.665937
2379	0.814067	0.668750
2380	0.820400	0.664688
2381	0.818471	0.675313
2382	0.821686	0.668437
2383	0.820594	0.662188
2384	0.824688	0.666875
2385	0.827084	0.663125
2386	0.820140	0.666250
2387	0.825674	0.667813
2388	0.820437	0.664688
2389	0.820027	0.663125
2390	0.817269	0.666875
2391	0.823371	0.661563
2392	0.816628	0.670000
2393	0.818177	0.666875
2394	0.817968	0.665625
2395	0.815527	0.669062
2396	0.819865	0.665313
2397	0.820833	0.667813
2398	0.821892	0.662188
2399	0.819793	0.671562
2400	0.820366	0.668125
2401	0.822418	0.664375
2402	0.819843	0.661875
2403	0.819571	0.663437
2404	0.818492	0.665937
2405	0.818346	0.669062
2406	0.817537	0.665937
2407	0.818492	0.668437
2408	0.819805	0.666250
2409	0.818163	0.667188
2410	0.819585	0.673125
2411	0.819931	0.663437
2412	0.824287	0.661875
2413	0.822200	0.665000
2414	0.815834	0.670625
2415	0.823867	0.666875
2416	0.824512	0.663125
2417	0.815940	0.675000
2418	0.820478	0.660625
2419	0.815993	0.667188
2420	0.821418	0.660937
2421	0.825394	0.662500
2422	0.823571	0.665000
2423	0.817628	0.664062
2424	0.813160	0.674062
2425	0.818549	0.668437
2426	0.820688	0.664375
2427	0.818490	0.664375
2428	0.818683	0.665937
2429	0.818158	0.656563
2430	0.819536	0.665937
2431	0.823382	0.665313
2432	0.824453	0.659688
2433	0.825908	0.666875
2434	0.819767	0.665937
2435	0.819117	0.668437
2436	0.818318	0.663750
2437	0.816973	0.667813
2438	0.819314	0.669688
2439	0.816506	0.667813
2440	0.816432	0.667500
2441	0.816512	0.669062
2442	0.815072	0.668437
2443	0.821291	0.666250
2444	0.823984	0.669062
2445	0.831966	0.663437
2446	0.822384	0.661875
2447	0.821088	0.666875
2448	0.819953	0.666875
2449	0.815962	0.671875
2450	0.818773	0.665000
2451	0.818824	0.670313
2452	0.818340	0.669688
2453	0.813692	0.666250
2454	0.817976	0.669375
2455	0.819934	0.666562
2456	0.822802	0.669688
2457	0.817244	0.673750
2458	0.815460	0.667188
2459	0.819055	0.664062
2460	0.822590	0.667188
2461	0.818709	0.668125
2462	0.823866	0.655000
2463	0.821570	0.661875
2464	0.814205	0.671875
2465	0.813903	0.673750
2466	0.815403	0.668125
2467	0.816799	0.668750
2468	0.813395	0.673750
2469	0.814431	0.667500
2470	0.815676	0.667500
2471	0.823334	0.668437
2472	0.825640	0.659063
2473	0.822978	0.665937
2474	0.823834	0.667188
2475	0.867019	0.665937
2476	0.838677	0.658750
2477	0.812164	0.670313
2478	0.816135	0.663750
2479	0.813527	0.675313
2480	0.812132	0.666875
2481	0.814807	0.669375
2482	0.815233	0.673750
2483	0.816262	0.666562
2484	0.813107	0.673125
2485	0.815085	0.675937
2486	0.817544	0.661563
2487	0.817123	0.665000
2488	0.818748	0.669375
2489	0.822309	0.656563
2490	0.820350	0.665000
2491	0.819698	0.666250
2492	0.819652	0.664688
2493	0.815216	0.669375
2494	0.819432	0.670000
2495	0.820989	0.663437
2496	0.815334	0.664062
2497	0.822676	0.668750
2498	0.818956	0.672188
2499	0.818843	0.667188
2500	0.813658	0.671250
2501	0.812394	0.666875
2502	0.815648	0.670625
2503	0.813890	0.667813
2504	0.814061	0.669062
2505	0.817543	0.669062
2506	0.817134	0.665937
2507	0.818170	0.668750
2508	0.828001	0.663437
2509	0.820130	0.665000
2510	0.823171	0.657812
2511	0.824050	0.665000
2512	0.816025	0.666250
2513	0.815380	0.669062
2514	0.820677	0.669062
2515	0.821630	0.660625
2516	0.821369	0.665625
2517	0.818720	0.664062
2518	0.817190	0.673750
2519	0.820634	0.664688
2520	0.816313	0.664688
2521	0.818754	0.667500
2522	0.817320	0.670937
2523	0.814711	0.670937
2524	0.817485	0.664688
2525	0.813770	0.674062
2526	0.814271	0.672813
2527	0.815006	0.674688
2528	0.816494	0.667188
2529	0.819320	0.666250
2530	0.821831	0.669375
2531	0.818306	0.667188
2532	0.817920	0.675000
2533	0.812945	0.664688
2534	0.820446	0.659375
2535	0.817620	0.665625
2536	0.818809	0.668750
2537	0.819454	0.663437
2538	0.814213	0.675000
2539	0.814997	0.670937
2540	0.815336	0.668437
2541	0.827116	0.667188
2542	0.819875	0.661875
2543	0.824916	0.667188
2544	0.819739	0.665937
2545	0.818997	0.669062
2546	0.817703	0.664688
2547	0.817784	0.664062
2548	0.820648	0.666875
2549	0.815393	0.672813
2550	0.821657	0.659688
2551	0.818565	0.669688
2552	0.820616	0.660000
2553	0.818579	0.670937
2554	0.817506	0.672813
2555	0.820992	0.657500
2556	0.820069	0.663750
2557	0.814909	0.669062
2558	0.816635	0.667813
2559	0.817672	0.667500
2560	0.818098	0.657500
2561	0.818337	0.666250
2562	0.814713	0.673437
2563	0.814561	0.668437
2564	0.819497	0.668750
2565	0.812107	0.673750
2566	0.821341	0.664062
2567	0.824842	0.663125
2568	0.821210	0.663750
2569	0.814359	0.673437
2570	0.816996	0.669062
2571	0.812638	0.671562
2572	0.813461	0.675625
2573	0.818004	0.663750
2574	0.818153	0.664375
2575	0.820630	0.669688
2576	0.817730	0.671875
2577	0.819386	0.668125
2578	0.818564	0.665937
2579	0.814908	0.669688
2580	0.823284	0.669375
2581	0.816653	0.667500
2582	0.816056	0.670937
2583	0.815440	0.668125
2584	0.816407	0.676875
2585	0.820262	0.659375
2586	0.823157	0.665313
2587	0.817069	0.674375
2588	0.817448	0.664375
2589	0.815613	0.672188
2590	0.817323	0.668750
2591	0.814298	0.665625
2592	0.819979	0.666875
2593	0.817027	0.666875
2594	0.818696	0.664375
2595	0.816324	0.663750
2596	0.819624	0.663437
2597	0.814152	0.671250
2598	0.812020	0.666875
2599	0.819240	0.668125
2600	0.820235	0.666562
2601	0.820531	0.665313
2602	0.823732	0.659375
2603	0.821615	0.667813
2604	0.812829	0.672188
2605	0.817271	0.669688
2606	0.821184	0.667500
2607	0.815444	0.675000
2608	0.817049	0.668437
2609	0.817812	0.664375
2610	0.815408	0.670313
2611	0.813050	0.670937
2612	0.816965	0.669688
2613	0.822726	0.664688
2614	0.821359	0.673437
2615	0.815644	0.663125
2616	0.813824	0.663125
2617	0.811198	0.671875
2618	0.819659	0.662188
2619	0.822655	0.665000
2620	0.822140	0.663125
2621	0.814952	0.673437
2622	0.810296	0.672813
2623	0.812231	0.669375
2624	0.815519	0.669688
2625	0.818813	0.663750
2626	0.819052	0.666875
2627	0.823674	0.666875
2628	0.819569	0.668437
2629	0.814518	0.671875
2630	0.820460	0.670313
2631	0.817047	0.662188
2632	0.816076	0.665000
2633	0.818988	0.668750
2634	0.820687	0.665000
2635	0.816380	0.668125
2636	0.820728	0.662188
2637	0.818760	0.668125
2638	0.819871	0.663437
2639	0.815953	0.667188
2640	0.817331	0.670000
2641	0.820279	0.665625
2642	0.818229	0.668125
2643	0.818435	0.662500
2644	0.816492	0.673437
2645	0.818818	0.669062
2646	0.817175	0.671875
2647	0.814578	0.668750
2648	0.811765	0.672500
2649	0.816781	0.675313
2650	0.814249	0.668437
2651	0.819375	0.668437
2652	0.813943	0.671562
2653	0.815736	0.672500
2654	0.812656	0.671250
2655	0.823538	0.671250
2656	0.826619	0.661250
2657	0.813430	0.670937
2658	0.815453	0.675625
2659	0.812203	0.672188
2660	0.812634	0.669375
2661	0.812442	0.668125
2662	0.817105	0.667188
2663	0.821355	0.663125
2664	0.820054	0.659063
2665	0.825079	0.667813
2666	0.823088	0.665625
2667	0.821420	0.663750
2668	0.812887	0.675937
2669	0.811068	0.674062
2670	0.813220	0.669062
2671	0.817807	0.656563
2672	0.815877	0.663750
2673	0.813390	0.673125
2674	0.815257	0.672813
2675	0.815296	0.669688
2676	0.812769	0.667188
2677	0.814869	0.672500
2678	0.827527	0.664062
2679	0.820041	0.670937
2680	0.818763	0.668125
2681	0.821486	0.660000
2682	0.816845	0.667188
2683	0.817935	0.667500
2684	0.817853	0.677500
2685	0.816571	0.672188
2686	0.816242	0.675625
2687	0.817396	0.674688
2688	0.817311	0.672500
2689	0.816589	0.669062
2690	0.818816	0.675625
2691	0.818997	0.667188
2692	0.815892	0.666875
2693	0.817225	0.668125
2694	0.854934	0.661875
2695	0.841590	0.662812
2696	0.832151	0.663437
2697	0.826792	0.660312
2698	0.824051	0.663750
2699	0.817618	0.666875
2700	0.821957	0.667500
2701	0.815726	0.675000
2702	0.817280	0.663437
2703	0.810868	0.670000
2704	0.817917	0.668125
2705	0.812188	0.671250
2706	0.816472	0.666562
2707	0.812565	0.670937
2708	0.817398	0.666875
2709	0.816230	0.665625
2710	0.812802	0.665625
2711	0.817010	0.663437
2712	0.814652	0.669062
2713	0.811527	0.669062
2714	0.812786	0.669688
2715	0.813251	0.675625
2716	0.813070	0.670000
2717	0.812367	0.668750
2718	0.815564	0.665625
2719	0.824153	0.653750
2720	0.821248	0.670625
2721	0.820475	0.663125
2722	0.819463	0.669375
2723	0.816468	0.666562
2724	0.813103	0.668125
2725	0.815974	0.667813
2726	0.815220	0.656563
2727	0.812717	0.673750
2728	0.823497	0.665000
2729	0.817745	0.666250
2730	0.816405	0.671562
2731	0.818284	0.672813
2732	0.820712	0.670625
2733	0.817396	0.663750
2734	0.818244	0.664375
2735	0.817004	0.670625
2736	0.815708	0.665937
2737	0.814821	0.665625
2738	0.814289	0.667813
2739	0.814874	0.666562
2740	0.816519	0.672188
2741	0.823511	0.658437
2742	0.818245	0.665625
2743	0.818547	0.666562
2744	0.813623	0.668125
2745	0.820083	0.661875
2746	0.815057	0.671562
2747	0.814384	0.670937
2748	0.816351	0.668750
2749	0.819130	0.665313
2750	0.817502	0.664062
2751	0.814041	0.672813
2752	0.813328	0.671562
2753	0.815947	0.671250
2754	0.815440	0.670937
2755	0.822483	0.671250
2756	0.819620	0.663437
2757	0.819017	0.668437
2758	0.817057	0.666875
2759	0.818402	0.668750
2760	0.817613	0.660937
2761	0.812264	0.669375
2762	0.815723	0.667500
2763	0.822181	0.667188
2764	0.814377	0.669688
2765	0.816511	0.666562
2766	0.814495	0.671562
2767	0.815105	0.673437
2768	0.817321	0.667500
2769	0.818588	0.669375
2770	0.816317	0.669375
2771	0.817157	0.661875
2772	0.818399	0.665313
2773	0.815076	0.669062
2774	0.816146	0.668437
2775	0.818828	0.669688
2776	0.820535	0.668125
2777	0.820134	0.665000
2778	0.814066	0.672500
2779	0.813937	0.674062
2780	0.812758	0.672500
2781	0.815587	0.671562
2782	0.814568	0.662812
2783	0.821475	0.664375
2784	0.815836	0.670313
2785	0.824113	0.660625
2786	0.820244	0.666875
2787	0.821311	0.662188
2788	0.813080	0.673750
2789	0.813694	0.670937
2790	0.812684	0.669688
2791	0.819223	0.674375
2792	0.818163	0.670000
2793	0.817388	0.667188
2794	0.819078	0.666562
2795	0.821807	0.664062
2796	0.815673	0.664375
2797	0.815256	0.671875
2798	0.812236	0.670000
2799	0.811332	0.675625
2800	0.812159	0.664062
2801	0.820274	0.669688
2802	0.825636	0.670625
2803	0.821200	0.665313
2804	0.815092	0.665937
2805	0.815558	0.669375
2806	0.817563	0.672188
2807	0.815852	0.668125
2808	0.813752	0.670000
2809	0.813018	0.670313
2810	0.813317	0.666562
2811	0.819206	0.669688
2812	0.819100	0.669688
2813	0.821978	0.664375
2814	0.822105	0.660625
2815	0.820851	0.667500
2816	0.814060	0.665937
2817	0.813023	0.671875
2818	0.814430	0.665937
2819	0.809891	0.668750
2820	0.811364	0.668750
2821	0.812585	0.666562
2822	0.820915	0.669062
2823	0.820068	0.669688
2824	0.820982	0.666875
2825	0.821824	0.664375
2826	0.817664	0.667188
2827	0.813899	0.676875
2828	0.820893	0.654688
2829	0.819015	0.670937
2830	0.820596	0.660312
2831	0.814445	0.673125
2832	0.816565	0.667188
2833	0.812069	0.670937
2834	0.814141	0.665937
2835	0.814363	0.667188
2836	0.821702	0.659375
2837	0.819479	0.670000
2838	0.815857	0.665313
2839	0.816054	0.671250
2840	0.813713	0.668125
2841	0.813808	0.670937
2842	0.813710	0.663125
2843	0.815601	0.669375
2844	0.814449	0.674375
2845	0.812670	0.679062
2846	0.813547	0.669688
2847	0.808788	0.677188
2848	0.804934	0.671562
2849	0.813162	0.665625
2850	0.816050	0.667813
2851	0.822592	0.656563
2852	0.823905	0.662812
2853	0.824062	0.665625
2854	0.822362	0.665000
2855	0.817816	0.668750
2856	0.813377	0.657812
2857	0.816258	0.668437
2858	0.814956	0.666250
2859	0.813505	0.666875
2860	0.809528	0.668437
2861	0.820064	0.666250
2862	0.821559	0.661563
2863	0.816507	0.669062
2864	0.815036	0.665937
2865	0.818418	0.665000
2866	0.814070	0.667813
2867	0.818697	0.664375
2868	0.814156	0.663437
2869	0.820621	0.667500
2870	0.814805	0.667813
2871	0.817639	0.664375
2872	0.815072	0.659688
2873	0.811803	0.664688
2874	0.813897	0.666562
2875	0.811652	0.669688
2876	0.813087	0.673437
2877	0.813469	0.670000
2878	0.812241	0.677188
2879	0.823890	0.667188
2880	0.830484	0.663125
2881	0.826154	0.663437
2882	0.815783	0.662188
2883	0.814827	0.671562
2884	0.810987	0.666250
2885	0.808296	0.675313
2886	0.810989	0.670000
2887	0.812531	0.672500
2888	0.815696	0.668125
2889	0.819792	0.658125
2890	0.816903	0.668750
2891	0.818453	0.669688
2892	0.816219	0.667188
2893	0.819480	0.670937
2894	0.822302	0.656250
2895	0.817472	0.663437
2896	0.813318	0.659063
2897	0.812578	0.671250
2898	0.815327	0.670313
2899	0.813783	0.667813
2900	0.817630	0.665313
2901	0.817431	0.668437
2902	0.821385	0.668125
2903	0.818835	0.658437
2904	0.815459	0.664375
2905	0.817836	0.670000
2906	0.825375	0.663125
2907	0.855274	0.668437
2908	0.824460	0.656250
2909	0.814035	0.668750
2910	0.814026	0.670625
2911	0.816095	0.667188
2912	0.814857	0.670000
2913	0.812813	0.671562
2914	0.816696	0.665625
2915	0.820977	0.665313
2916	0.810083	0.670937
2917	0.814242	0.663125
2918	0.817999	0.672813
2919	0.821506	0.669375
2920	0.827470	0.665000
2921	0.815435	0.665000
2922	0.813815	0.667188
2923	0.817962	0.669062
2924	0.816354	0.675625
2925	0.812408	0.675313
2926	0.817290	0.668750
2927	0.817404	0.661250
2928	0.818076	0.670000
2929	0.813595	0.668437
2930	0.822329	0.665000
2931	0.813874	0.673750
2932	0.815120	0.666875
2933	0.817560	0.668750
2934	0.814990	0.669062
2935	0.811147	0.670000
2936	0.812825	0.670625
2937	0.809466	0.671250
2938	0.813629	0.670313
2939	0.815619	0.669375
2940	0.814809	0.665625
2941	0.820930	0.664688
2942	0.818254	0.666250
2943	0.813954	0.667188
2944	0.819643	0.663125
2945	0.818270	0.668750
2946	0.816689	0.670000
2947	0.810873	0.668437
2948	0.818639	0.668125
2949	0.817112	0.665625
2950	0.816488	0.665313
2951	0.814446	0.671250
2952	0.814043	0.671875
2953	0.810127	0.673750
2954	0.810524	0.666562
2955	0.814349	0.665313
2956	0.811576	0.668750
2957	0.816091	0.670000
2958	0.823357	0.658750
2959	0.820490	0.670000
2960	0.819381	0.668437
2961	0.815826	0.668750
2962	0.814328	0.675937
2963	0.813021	0.676875
2964	0.814761	0.663125
2965	0.813251	0.666875
2966	0.813408	0.672813
2967	0.808265	0.674688
2968	0.813414	0.670625
2969	0.808845	0.666562
2970	0.805873	0.676562
2971	0.816311	0.667500
2972	0.811239	0.672188
2973	0.824438	0.664375
2974	0.829746	0.666250
2975	0.817621	0.663125
2976	0.818973	0.667188
2977	0.816217	0.665000
2978	0.821381	0.665625
2979	0.814928	0.670937
2980	0.819334	0.673125
2981	0.817985	0.673125
2982	0.814260	0.672813
2983	0.814922	0.667500
2984	0.816887	0.661250
2985	0.816041	0.662500
2986	0.818824	0.665000
2987	0.813272	0.670625
2988	0.812743	0.668125
2989	0.821398	0.660937
2990	0.821306	0.664062
2991	0.815869	0.661875
2992	0.811982	0.668125
2993	0.815924	0.672813
2994	0.814810	0.666875
2995	0.812068	0.667813
2996	0.814459	0.675937
2997	0.817175	0.668750
2998	0.815975	0.670625
2999	0.818086	0.667500
3000	0.818587	0.664062
Test result: Loss= 0.818657, Accuracy= 0.66594