########

## 	Model: GRRU with N=10

########

1	4.408998	0.180729
2	4.358884	0.200260
3	4.284320	0.190365
4	4.212198	0.196875
5	4.000980	0.215104
6	4.007408	0.220052
7	4.066050	0.201302
8	4.015749	0.224740
9	3.983068	0.209115
10	3.907897	0.226562
11	3.551389	0.255990
12	3.756737	0.244531
13	3.842051	0.222917
14	3.622973	0.259635
15	3.571418	0.260417
16	3.577257	0.266146
17	3.409549	0.292969
18	3.444134	0.249479
19	3.419950	0.278385
20	3.512737	0.246875
21	3.374931	0.284896
22	3.303074	0.286198
23	3.210115	0.297396
24	3.214315	0.296875
25	3.223834	0.295573
26	3.249019	0.288021
27	3.058623	0.330990
28	3.250610	0.307031
29	3.247623	0.282813
30	3.152860	0.298177
31	3.090230	0.309115
32	2.853317	0.341667
33	2.898826	0.315104
34	2.674610	0.367708
35	2.822594	0.343229
36	2.891191	0.319531
37	2.813266	0.327604
38	2.705719	0.353125
39	2.777208	0.329688
40	2.616938	0.363542
41	2.796768	0.314063
42	2.555597	0.372135
43	2.598301	0.361198
44	2.609318	0.370052
45	2.521284	0.386458
46	2.614733	0.351042
47	2.434591	0.390885
48	2.560404	0.342187
49	2.433551	0.393229
50	2.451447	0.399479
51	2.426863	0.378906
52	2.402352	0.384896
53	2.324798	0.390625
54	2.388915	0.377865
55	2.477997	0.388021
56	2.322283	0.393750
57	2.276964	0.408594
58	2.302182	0.408073
59	2.315660	0.417708
60	2.232858	0.429948
61	2.318684	0.405469
62	2.294358	0.430208
63	2.253438	0.400521
64	2.193074	0.423958
65	2.230359	0.415104
66	2.108391	0.444010
67	2.120207	0.451823
68	2.131601	0.462500
69	2.105848	0.461719
70	2.095373	0.467708
71	2.125590	0.446094
72	2.070818	0.443229
73	2.007761	0.486458
74	2.093900	0.446354
75	1.955579	0.483854
76	1.910239	0.491927
77	1.992007	0.465885
78	2.054848	0.450260
79	1.925496	0.502344
80	1.925349	0.483073
81	1.927872	0.502083
82	1.835366	0.512240
83	1.884815	0.508073
84	1.862084	0.519271
85	1.813752	0.554427
86	1.796779	0.540365
87	1.834519	0.544010
88	1.745213	0.572135
89	1.764439	0.569271
90	1.759681	0.563281
91	1.784418	0.569792
92	1.739946	0.571094
93	1.767586	0.569010
94	1.703604	0.568229
95	1.691524	0.592708
96	1.694622	0.582552
97	1.661142	0.580990
98	1.657664	0.589583
99	1.677868	0.586719
100	1.690114	0.593750
101	1.627181	0.599219
102	1.654694	0.586458
103	1.583930	0.604167
104	1.594490	0.607552
105	1.591753	0.596875
106	1.588589	0.603646
107	1.569162	0.612240
108	1.516405	0.619792
109	1.484306	0.622135
110	1.556114	0.609375
111	1.582272	0.612760
112	1.495567	0.619531
113	1.449556	0.639844
114	1.471089	0.622917
115	1.465681	0.619271
116	1.441731	0.639063
117	1.454619	0.626823
118	1.459814	0.627083
119	1.443279	0.633594
120	1.425889	0.633073
121	1.428006	0.626042
122	1.432224	0.634896
123	1.335887	0.652604
124	1.369598	0.648177
125	1.369362	0.645833
126	1.373628	0.650781
127	1.382863	0.638021
128	1.403706	0.639583
129	1.349855	0.654167
130	1.287274	0.652865
131	1.337599	0.649740
132	1.323331	0.652083
133	1.262427	0.658854
134	1.269493	0.660156
135	1.329170	0.650781
136	1.301621	0.655990
137	1.256166	0.657031
138	1.238735	0.670313
139	1.270615	0.661719
140	1.232886	0.661198
141	1.206433	0.665104
142	1.216222	0.662500
143	1.210423	0.667188
144	1.226301	0.664844
145	1.164335	0.667448
146	1.197063	0.666406
147	1.150385	0.669792
148	1.172348	0.669010
149	1.180443	0.670313
150	1.192287	0.666406
151	1.183182	0.671615
152	1.152438	0.671615
153	1.149969	0.679167
154	1.129180	0.673958
155	1.109800	0.676042
156	1.114689	0.674479
157	1.104049	0.675521
158	1.110594	0.675260
159	1.081428	0.678125
160	1.091942	0.678125
161	1.103536	0.670573
162	1.048762	0.685677
163	1.028432	0.684896
164	1.063491	0.681250
165	1.065427	0.677344
166	1.076326	0.680990
167	1.037925	0.687760
168	1.032635	0.688802
169	1.043592	0.684115
170	1.034431	0.687500
171	0.984989	0.695573
172	1.045266	0.685677
173	1.007767	0.688542
174	0.981553	0.689062
175	1.034280	0.688021
176	0.991235	0.691146
177	1.008896	0.693750
178	0.970637	0.691146
179	0.982904	0.691406
180	1.001209	0.688021
181	0.960261	0.696615
182	0.951000	0.695573
183	0.987441	0.688281
184	0.947488	0.692969
185	1.000445	0.689844
186	0.977236	0.687240
187	0.962757	0.691927
188	0.955812	0.689062
189	0.943670	0.693229
190	0.952329	0.694010
191	0.922695	0.688281
192	0.950723	0.690365
193	0.917082	0.693229
194	0.916694	0.694271
195	0.926745	0.686198
196	0.920326	0.696875
197	0.907604	0.695312
198	0.938157	0.691146
199	0.894192	0.696094
200	0.907441	0.693490
201	0.947128	0.687760
202	0.929513	0.696615
203	0.906868	0.701302
204	0.889136	0.692187
205	0.881850	0.694010
206	0.873249	0.698177
207	0.866635	0.697656
208	0.899478	0.693490
209	0.862314	0.702604
210	0.876242	0.694792
211	0.886788	0.689583
212	0.866204	0.698177
213	0.870041	0.699479
214	0.877038	0.694271
215	0.855736	0.700521
216	0.884473	0.693750
217	0.875788	0.694792
218	0.865112	0.700260
219	0.851892	0.697396
220	0.854045	0.702865
221	0.851192	0.696615
222	0.855487	0.697396
223	0.846277	0.697917
224	0.861452	0.698177
225	0.844902	0.703646
226	0.858966	0.693750
227	0.848026	0.696615
228	0.843960	0.701563
229	0.831117	0.704167
230	0.825448	0.705729
231	0.824125	0.697917
232	0.818381	0.697135
233	0.806039	0.705208
234	0.832518	0.695573
235	0.817909	0.699219
236	0.805610	0.707552
237	0.817837	0.699219
238	0.814545	0.702865
239	0.823531	0.702604
240	0.807555	0.709115
241	0.840130	0.696094
242	0.814892	0.700260
243	0.814128	0.697917
244	0.800887	0.701563
245	0.799308	0.698958
246	0.806466	0.700521
247	0.804618	0.702344
248	0.793267	0.708594
249	0.803221	0.701302
250	0.788552	0.708594
251	0.781806	0.704167
252	0.783453	0.704167
253	0.795952	0.704687
254	0.789082	0.703125
255	0.789875	0.698177
256	0.776523	0.702865
257	0.798913	0.701563
258	0.797516	0.704427
259	0.792485	0.703125
260	0.778727	0.701042
261	0.783064	0.699219
262	0.781768	0.701823
263	0.771914	0.699219
264	0.778025	0.708854
265	0.769629	0.702083
266	0.761919	0.705729
267	0.766317	0.703906
268	0.790983	0.702344
269	0.811727	0.694531
270	0.771888	0.705469
271	0.762874	0.709115
272	0.762839	0.707812
273	0.764362	0.705208
274	0.769932	0.701042
275	0.768048	0.708854
276	0.775635	0.701042
277	0.755190	0.706771
278	0.770981	0.705208
279	0.772433	0.711979
280	0.764846	0.704167
281	0.760989	0.708854
282	0.758702	0.707812
283	0.746353	0.705208
284	0.765492	0.704427
285	0.755394	0.703646
286	0.765973	0.702865
287	0.755322	0.707552
288	0.768939	0.702865
289	0.756760	0.705990
290	0.763206	0.706771
291	0.754119	0.713542
292	0.746642	0.704948
293	0.745363	0.710677
294	0.760086	0.704948
295	0.752699	0.708594
296	0.750939	0.707552
297	0.771089	0.704167
298	0.751276	0.716146
299	0.768628	0.706510
300	0.743385	0.707812
301	0.738836	0.706771
302	0.748160	0.704687
303	0.743115	0.713802
304	0.767674	0.709115
305	0.741972	0.715104
306	0.749824	0.710417
307	0.736885	0.714323
308	0.758825	0.701823
309	0.751627	0.708333
310	0.765497	0.702344
311	0.742933	0.710677
312	0.743486	0.709375
313	0.742886	0.709115
314	0.741084	0.711719
315	0.756924	0.707552
316	0.748664	0.714583
317	0.747145	0.708854
318	0.734734	0.714323
319	0.752595	0.705729
320	0.728090	0.710156
321	0.742749	0.711458
322	0.739487	0.719010
323	0.760579	0.707292
324	0.730072	0.714583
325	0.749986	0.713542
326	0.744805	0.714844
327	0.740241	0.709115
328	0.732554	0.717188
329	0.728862	0.713802
330	0.732352	0.710677
331	0.727965	0.709115
332	0.753505	0.711719
333	0.728919	0.715104
334	0.755988	0.708073
335	0.739449	0.710417
336	0.731669	0.714063
337	0.727781	0.710417
338	0.726633	0.710417
339	0.733373	0.715625
340	0.727190	0.719792
341	0.736604	0.714063
342	0.719981	0.714583
343	0.747986	0.707031
344	0.732835	0.723177
345	0.725174	0.715104
346	0.727114	0.709115
347	0.724266	0.713281
348	0.728136	0.717188
349	0.739176	0.711979
350	0.719458	0.716406
351	0.743124	0.709375
352	0.720327	0.716406
353	0.750348	0.707812
354	0.728567	0.724479
355	0.718341	0.715625
356	0.720073	0.712240
357	0.710926	0.720312
358	0.723891	0.712240
359	0.717864	0.711198
360	0.736704	0.703906
361	0.716813	0.718490
362	0.722547	0.712760
363	0.710071	0.720312
364	0.730086	0.717969
365	0.714791	0.720833
366	0.716456	0.715885
367	0.713421	0.717448
368	0.724313	0.716146
369	0.714529	0.714063
370	0.719147	0.715365
371	0.725413	0.717448
372	0.714222	0.718490
373	0.717058	0.717969
374	0.709833	0.720312
375	0.717478	0.717708
376	0.717835	0.716406
377	0.713033	0.717188
378	0.737241	0.712760
379	0.715175	0.722135
380	0.713833	0.719531
381	0.716381	0.718490
382	0.707980	0.718750
383	0.727422	0.712760
384	0.713469	0.721354
385	0.723991	0.714323
386	0.710625	0.714323
387	0.718811	0.714063
388	0.707827	0.721615
389	0.727509	0.709635
390	0.709416	0.722917
391	0.721219	0.716667
392	0.706506	0.719010
393	0.739158	0.707812
394	0.707307	0.715104
395	0.721892	0.709375
396	0.705208	0.716406
397	0.714603	0.709635
398	0.709488	0.716146
399	0.718877	0.714844
400	0.712449	0.715104
401	0.730670	0.716146
402	0.707069	0.717188
403	0.717024	0.719010
404	0.709865	0.717969
405	0.722135	0.712500
406	0.705381	0.720312
407	0.723653	0.713021
408	0.713201	0.716927
409	0.711592	0.710677
410	0.712254	0.717969
411	0.708566	0.720833
412	0.712454	0.716406
413	0.706349	0.712760
414	0.734495	0.715885
415	0.708879	0.716667
416	0.739289	0.713802
417	0.710991	0.720312
418	0.708524	0.716146
419	0.712264	0.719531
420	0.713257	0.714583
421	0.706360	0.710677
422	0.708546	0.716927
423	0.708452	0.717188
424	0.717829	0.716667
425	0.711171	0.717708
426	0.724834	0.715365
427	0.703351	0.724740
428	0.718108	0.714844
429	0.705551	0.713542
430	0.724960	0.712500
431	0.703208	0.719271
432	0.729646	0.709115
433	0.712424	0.723437
434	0.700823	0.716667
435	0.706832	0.715365
436	0.699604	0.720573
437	0.709951	0.711198
438	0.710144	0.723437
439	0.722348	0.716146
440	0.703692	0.725000
441	0.701588	0.719792
442	0.707069	0.719271
443	0.701872	0.717188
444	0.724131	0.717708
445	0.701542	0.721354
446	0.706124	0.710677
447	0.699326	0.719531
448	0.699160	0.720833
449	0.715497	0.716927
450	0.705620	0.715104
451	0.697702	0.717708
452	0.710852	0.711198
453	0.699100	0.725000
454	0.717307	0.715625
455	0.698482	0.717708
456	0.718092	0.720312
457	0.706397	0.721094
458	0.697187	0.719271
459	0.712104	0.716927
460	0.693071	0.720833
461	0.709843	0.712760
462	0.699243	0.719271
463	0.701695	0.722656
464	0.706751	0.717708
465	0.703682	0.721094
466	0.712920	0.714583
467	0.698763	0.719010
468	0.700415	0.722135
469	0.698756	0.725260
470	0.701495	0.715625
471	0.733568	0.713281
472	0.697502	0.725781
473	0.707287	0.718750
474	0.696609	0.721354
475	0.705552	0.723177
476	0.696610	0.716927
477	0.707904	0.718490
478	0.692597	0.728385
479	0.710732	0.717448
480	0.693953	0.716667
481	0.728361	0.715625
482	0.704121	0.725521
483	0.704995	0.715885
484	0.703122	0.718229
485	0.713896	0.722396
486	0.696055	0.714583
487	0.711732	0.715885
488	0.696538	0.723958
489	0.707568	0.716406
490	0.693429	0.722656
491	0.701371	0.713802
492	0.709820	0.719010
493	0.697057	0.726562
494	0.708732	0.718490
495	0.699264	0.723958
496	0.719013	0.713542
497	0.696765	0.719531
498	0.711921	0.717708
499	0.693472	0.722396
500	0.701180	0.723437
501	0.691482	0.720312
502	0.716028	0.719792
503	0.689186	0.729688
504	0.713191	0.711719
505	0.699882	0.718229
506	0.702717	0.721354
507	0.698051	0.717188
508	0.695952	0.722656
509	0.709401	0.715365
510	0.701540	0.718229
511	0.708648	0.715885
512	0.699870	0.724219
513	0.695937	0.725521
514	0.697426	0.723698
515	0.695762	0.724479
516	0.709138	0.718490
517	0.696907	0.720833
518	0.699561	0.719531
519	0.701052	0.721354
520	0.688577	0.722396
521	0.703610	0.722135
522	0.687892	0.726823
523	0.702360	0.726302
524	0.695939	0.718750
525	0.703180	0.716927
526	0.703005	0.720312
527	0.693627	0.724740
528	0.695213	0.719531
529	0.699833	0.716927
530	0.703041	0.714583
531	0.698522	0.721615
532	0.697658	0.717448
533	0.691919	0.718229
534	0.703920	0.720312
535	0.695632	0.716146
536	0.729728	0.709635
537	0.698188	0.722135
538	0.689519	0.721094
539	0.695528	0.717448
540	0.712393	0.713542
541	0.694379	0.726562
542	0.692116	0.721094
543	0.698874	0.720052
544	0.683804	0.726302
545	0.696246	0.720052
546	0.691234	0.725260
547	0.696441	0.719792
548	0.692410	0.721615
549	0.714987	0.720052
550	0.701429	0.721354
551	0.689725	0.723958
552	0.699610	0.720573
553	0.693371	0.725000
554	0.692116	0.722656
555	0.686779	0.723958
556	0.693728	0.720573
557	0.690401	0.722135
558	0.697944	0.717708
559	0.694995	0.723437
560	0.694408	0.721875
561	0.685762	0.733854
562	0.694353	0.724479
563	0.686019	0.725781
564	0.697975	0.718229
565	0.690134	0.720833
566	0.708513	0.718229
567	0.700335	0.722135
568	0.687445	0.719792
569	0.689361	0.720833
570	0.683520	0.731250
571	0.695471	0.717188
572	0.690400	0.723177
573	0.695432	0.721094
574	0.683558	0.728906
575	0.691813	0.723177
576	0.685972	0.733594
577	0.695259	0.723698
578	0.693602	0.723958
579	0.690848	0.725781
580	0.687758	0.726042
581	0.692652	0.723437
582	0.686454	0.722656
583	0.685967	0.726823
584	0.698932	0.725260
585	0.686608	0.729427
586	0.695379	0.725260
587	0.685641	0.727865
588	0.688443	0.723958
589	0.686608	0.725781
590	0.686620	0.722656
591	0.696173	0.722135
592	0.684235	0.726562
593	0.695408	0.721875
594	0.689986	0.722396
595	0.708825	0.718750
596	0.695902	0.729948
597	0.689508	0.722135
598	0.679589	0.732813
599	0.692490	0.726302
600	0.689392	0.721615
601	0.685403	0.728646
602	0.688083	0.725000
603	0.691274	0.721615
604	0.692376	0.721615
605	0.687128	0.721875
606	0.692406	0.720573
607	0.682264	0.730208
608	0.693182	0.724479
609	0.686945	0.727604
610	0.703505	0.714063
611	0.695913	0.725781
612	0.685379	0.724479
613	0.687410	0.721615
614	0.682951	0.726562
615	0.687861	0.723177
616	0.681111	0.727344
617	0.681348	0.723698
618	0.683143	0.729167
619	0.691193	0.716667
620	0.683097	0.725521
621	0.698410	0.719531
622	0.684923	0.724219
623	0.689957	0.721094
624	0.684486	0.728385
625	0.687803	0.726562
626	0.682292	0.717708
627	0.686028	0.723437
628	0.684626	0.727865
629	0.685144	0.727083
630	0.680372	0.725781
631	0.701993	0.718750
632	0.695222	0.735156
633	0.690114	0.720833
634	0.677607	0.727865
635	0.681966	0.720833
636	0.681720	0.730990
637	0.687822	0.722396
638	0.678154	0.730469
639	0.693989	0.719271
640	0.686584	0.726302
641	0.693880	0.719531
642	0.682431	0.724479
643	0.686240	0.725260
644	0.680716	0.724740
645	0.678113	0.723698
646	0.688182	0.722917
647	0.680263	0.733073
648	0.695803	0.719271
649	0.685247	0.734375
650	0.696513	0.721354
651	0.689001	0.725000
652	0.680031	0.726042
653	0.683209	0.723437
654	0.682368	0.727604
655	0.688320	0.722135
656	0.678736	0.731510
657	0.682409	0.721354
658	0.680887	0.733594
659	0.679576	0.729688
660	0.684387	0.723958
661	0.684481	0.725000
662	0.685679	0.727865
663	0.705695	0.716146
664	0.689588	0.729167
665	0.682179	0.726562
666	0.677344	0.725521
667	0.689466	0.718750
668	0.681211	0.726042
669	0.679970	0.732292
670	0.682379	0.725781
671	0.680041	0.730729
672	0.684741	0.723698
673	0.678542	0.733594
674	0.688768	0.720833
675	0.679544	0.728385
676	0.681439	0.725521
677	0.685413	0.730990
678	0.685894	0.723437
679	0.682840	0.733333
680	0.689162	0.728385
681	0.676357	0.732292
682	0.682708	0.725521
683	0.683059	0.728125
684	0.684251	0.721875
685	0.676600	0.727344
686	0.675219	0.735677
687	0.681150	0.727344
688	0.683030	0.724740
689	0.681245	0.729688
690	0.692213	0.726042
691	0.682705	0.729427
692	0.702501	0.722135
693	0.683607	0.728906
694	0.675148	0.728385
695	0.681614	0.729688
696	0.679525	0.727604
697	0.677990	0.727083
698	0.674186	0.733333
699	0.678178	0.729688
700	0.680892	0.726823
701	0.679089	0.725260
702	0.676442	0.729948
703	0.678560	0.732552
704	0.683756	0.726042
705	0.678847	0.730208
706	0.680670	0.731510
707	0.678153	0.730729
708	0.684110	0.723698
709	0.679911	0.729167
710	0.686476	0.725521
711	0.681848	0.734896
712	0.680679	0.729427
713	0.673840	0.733594
714	0.683770	0.726562
715	0.681564	0.730990
716	0.679884	0.726562
717	0.675339	0.735417
718	0.679453	0.728125
719	0.675733	0.730990
720	0.678420	0.730208
721	0.676993	0.728646
722	0.680787	0.733594
723	0.672240	0.735156
724	0.678355	0.727344
725	0.674966	0.730990
726	0.682595	0.724479
727	0.679502	0.736198
728	0.700681	0.722135
729	0.680045	0.729427
730	0.684739	0.728125
731	0.679082	0.730729
732	0.675517	0.728125
733	0.679679	0.730990
734	0.675968	0.727604
735	0.674569	0.734635
736	0.675481	0.736979
737	0.672167	0.732552
738	0.680111	0.729167
739	0.677850	0.731250
740	0.680507	0.729167
741	0.676438	0.731250
742	0.687278	0.728906
743	0.683895	0.735677
744	0.697656	0.728646
745	0.675895	0.735937
746	0.674173	0.735417
747	0.680484	0.721615
748	0.676191	0.728646
749	0.672766	0.731510
750	0.676207	0.726823
751	0.672574	0.733594
752	0.679053	0.729948
753	0.673698	0.728385
754	0.680312	0.734115
755	0.671293	0.732031
756	0.673673	0.732813
757	0.678116	0.730990
758	0.682260	0.733073
759	0.674298	0.733333
760	0.681900	0.731510
761	0.673808	0.730990
762	0.691502	0.726302
763	0.684077	0.729948
764	0.698688	0.720052
765	0.688286	0.732552
766	0.672963	0.738542
767	0.679478	0.728385
768	0.675097	0.731510
769	0.674206	0.732292
770	0.674901	0.732813
771	0.672201	0.730729
772	0.675630	0.732292
773	0.679572	0.732031
774	0.672455	0.727604
775	0.679195	0.734115
776	0.673838	0.732292
777	0.676297	0.735417
778	0.669039	0.736198
779	0.671933	0.737240
780	0.674970	0.731510
781	0.676702	0.733333
782	0.675037	0.737760
783	0.679417	0.730990
784	0.678095	0.732292
785	0.675941	0.730208
786	0.670257	0.733594
787	0.671925	0.729688
788	0.674059	0.732552
789	0.677868	0.732552
790	0.677493	0.727865
791	0.672534	0.734635
792	0.680591	0.730208
793	0.677390	0.739583
794	0.686404	0.723958
795	0.676356	0.734896
796	0.677138	0.729688
797	0.676597	0.730469
798	0.673530	0.733073
799	0.669908	0.735677
800	0.673883	0.733594
801	0.673676	0.736979
802	0.672459	0.738802
803	0.673568	0.727604
804	0.674458	0.732552
805	0.666803	0.737240
806	0.671545	0.732031
807	0.672067	0.732292
808	0.673885	0.733854
809	0.690062	0.722135
810	0.687962	0.731510
811	0.683349	0.727344
812	0.673872	0.735156
813	0.671733	0.729167
814	0.673252	0.729167
815	0.672025	0.734115
816	0.673186	0.730208
817	0.672266	0.733854
818	0.667974	0.739062
819	0.669183	0.733073
820	0.675892	0.731510
821	0.672956	0.736458
822	0.677266	0.728906
823	0.672416	0.734635
824	0.672236	0.735677
825	0.669141	0.736719
826	0.674131	0.739323
827	0.672261	0.731250
828	0.692353	0.730208
829	0.683956	0.734635
830	0.684277	0.726823
831	0.668597	0.735677
832	0.672890	0.732292
833	0.669576	0.733073
834	0.670664	0.731771
835	0.675886	0.735417
836	0.670470	0.738021
837	0.668028	0.737240
838	0.672909	0.735156
839	0.666926	0.740625
840	0.664962	0.736719
841	0.670915	0.735417
842	0.667456	0.738802
843	0.670507	0.730469
844	0.674670	0.735937
845	0.669553	0.731250
846	0.671256	0.732552
847	0.670913	0.735156
848	0.675696	0.730990
849	0.671257	0.733594
850	0.679880	0.732813
851	0.677459	0.736458
852	0.675893	0.732813
853	0.668917	0.737500
854	0.667180	0.735937
855	0.671396	0.734896
856	0.673078	0.732552
857	0.665375	0.739323
858	0.671959	0.736458
859	0.669459	0.733854
860	0.666749	0.736458
861	0.667556	0.732292
862	0.670234	0.737240
863	0.671756	0.736458
864	0.668907	0.739062
865	0.684746	0.729167
866	0.669010	0.735156
867	0.683379	0.730729
868	0.666493	0.739844
869	0.671803	0.735417
870	0.669935	0.738281
871	0.689067	0.730729
872	0.690896	0.738281
873	0.665685	0.734635
874	0.667365	0.738802
875	0.670243	0.730990
876	0.667091	0.735937
877	0.671354	0.732292
878	0.667196	0.739583
879	0.662604	0.743490
880	0.669253	0.737500
881	0.661863	0.737500
882	0.668258	0.732292
883	0.662374	0.739323
884	0.662867	0.740625
885	0.665863	0.730729
886	0.670024	0.738802
887	0.668339	0.737240
888	0.662695	0.736458
889	0.664651	0.735417
890	0.664294	0.736458
891	0.669992	0.735937
892	0.661828	0.739323
893	0.667198	0.737760
894	0.664810	0.738542
895	0.665843	0.735677
896	0.669902	0.741146
897	0.664044	0.738281
898	0.668346	0.741146
899	0.660828	0.742708
900	0.678299	0.733854
901	0.697753	0.731771
902	0.688679	0.727865
903	0.663032	0.739583
904	0.664979	0.733073
905	0.663790	0.736979
906	0.669935	0.733333
907	0.659941	0.740885
908	0.667047	0.736979
909	0.666951	0.732813
910	0.656519	0.741667
911	0.661799	0.737760
912	0.666411	0.733854
913	0.662314	0.737500
914	0.668594	0.735417
915	0.665521	0.735937
916	0.660568	0.737240
917	0.664517	0.740104
918	0.665940	0.738802
919	0.667159	0.732813
920	0.665274	0.735417
921	0.666825	0.734635
922	0.656293	0.738021
923	0.673355	0.735156
924	0.665670	0.736719
925	0.671395	0.733333
926	0.671594	0.733333
927	0.674702	0.734635
928	0.666408	0.740104
929	0.663623	0.738281
930	0.661033	0.740365
931	0.663811	0.737240
932	0.666984	0.735156
933	0.662511	0.741927
934	0.662833	0.738281
935	0.663180	0.738802
936	0.670596	0.734635
937	0.679715	0.731250
938	0.673038	0.736719
939	0.680471	0.733854
940	0.672962	0.740365
941	0.666899	0.736719
942	0.658174	0.743750
943	0.664865	0.735677
944	0.663167	0.735417
945	0.662201	0.737500
946	0.666281	0.734115
947	0.662170	0.744010
948	0.660881	0.741406
949	0.658749	0.738802
950	0.667164	0.731510
951	0.662856	0.740625
952	0.665192	0.731250
953	0.659849	0.739323
954	0.654965	0.742448
955	0.662995	0.740625
956	0.665594	0.739844
957	0.664194	0.738281
958	0.658548	0.739062
959	0.661647	0.742448
960	0.667828	0.734375
961	0.668951	0.735156
962	0.669692	0.742188
963	0.701862	0.726823
964	0.680884	0.740885
965	0.662618	0.739062
966	0.662224	0.734115
967	0.660192	0.738542
968	0.661999	0.738021
969	0.657876	0.740104
970	0.661586	0.737240
971	0.661639	0.741146
972	0.662855	0.731771
973	0.667376	0.732031
974	0.659831	0.742969
975	0.662174	0.744271
976	0.663111	0.735677
977	0.663414	0.736458
978	0.655409	0.745573
979	0.663515	0.739844
980	0.661909	0.735937
981	0.664759	0.736458
982	0.661733	0.742969
983	0.660221	0.733594
984	0.663043	0.740365
985	0.667620	0.735417
986	0.665839	0.737500
987	0.666420	0.741667
988	0.662771	0.742188
989	0.663272	0.740625
990	0.663061	0.734896
991	0.660833	0.735677
992	0.658205	0.737500
993	0.658713	0.740885
994	0.660618	0.736458
995	0.659530	0.739844
996	0.659854	0.738542
997	0.659732	0.738021
998	0.659772	0.740104
999	0.656990	0.744010
1000	0.660108	0.741146
1001	0.666952	0.734896
1002	0.664599	0.736979
1003	0.673694	0.739323
1004	0.671268	0.735156
1005	0.690841	0.728646
1006	0.676188	0.743490
1007	0.656961	0.737500
1008	0.660220	0.737240
1009	0.661098	0.737240
1010	0.661950	0.738802
1011	0.651780	0.741667
1012	0.656763	0.738021
1013	0.662546	0.737760
1014	0.662778	0.739062
1015	0.664448	0.740885
1016	0.655984	0.740885
1017	0.659808	0.740625
1018	0.660762	0.741927
1019	0.656137	0.741927
1020	0.656804	0.741146
1021	0.662884	0.732031
1022	0.658028	0.737500
1023	0.663375	0.737500
1024	0.659639	0.736979
1025	0.656583	0.742188
1026	0.654594	0.745833
1027	0.658568	0.742188
1028	0.662452	0.738021
1029	0.658375	0.738281
1030	0.652272	0.746615
1031	0.664334	0.738021
1032	0.663783	0.738021
1033	0.664392	0.734635
1034	0.668434	0.739323
1035	0.669124	0.738021
1036	0.666303	0.746615
1037	0.684905	0.729948
1038	0.665283	0.741927
1039	0.658417	0.738542
1040	0.657954	0.744531
1041	0.663870	0.735156
1042	0.664429	0.734375
1043	0.659426	0.736979
1044	0.660128	0.738021
1045	0.656977	0.738281
1046	0.655953	0.745052
1047	0.657796	0.739844
1048	0.650826	0.740885
1049	0.660902	0.736458
1050	0.654277	0.741406
1051	0.660615	0.737760
1052	0.658380	0.739323
1053	0.662800	0.737500
1054	0.659395	0.739062
1055	0.653595	0.746094
1056	0.659653	0.741406
1057	0.659674	0.740625
1058	0.659671	0.738281
1059	0.655957	0.743750
1060	0.656697	0.744792
1061	0.658194	0.743229
1062	0.657480	0.744792
1063	0.661568	0.736198
1064	0.675692	0.734896
1065	0.694636	0.730208
1066	0.683609	0.736458
1067	0.665028	0.737240
1068	0.659256	0.738802
1069	0.653879	0.740625
1070	0.661526	0.738802
1071	0.656267	0.743750
1072	0.662383	0.736979
1073	0.655046	0.740365
1074	0.661525	0.732031
1075	0.656241	0.739844
1076	0.656230	0.735156
1077	0.654250	0.738021
1078	0.651188	0.742708
1079	0.655824	0.743229
1080	0.656862	0.740625
1081	0.655901	0.740365
1082	0.656788	0.736458
1083	0.660356	0.744271
1084	0.662900	0.738542
1085	0.658263	0.736979
1086	0.652473	0.747396
1087	0.657728	0.740625
1088	0.660188	0.736979
1089	0.663318	0.737240
1090	0.655275	0.739323
1091	0.658187	0.741667
1092	0.652536	0.740104
1093	0.658367	0.738021
1094	0.659802	0.738021
1095	0.661534	0.736458
1096	0.662053	0.735677
1097	0.662113	0.741927
1098	0.684754	0.731771
1099	0.683242	0.739844
1100	0.665415	0.737240
1101	0.653074	0.744792
1102	0.654914	0.739062
1103	0.658147	0.739844
1104	0.655835	0.740104
1105	0.650649	0.743490
1106	0.655466	0.744010
1107	0.652807	0.741927
1108	0.654501	0.743229
1109	0.652207	0.745833
1110	0.657007	0.738281
1111	0.653687	0.741927
1112	0.652020	0.747396
1113	0.659143	0.744010
1114	0.658698	0.733854
1115	0.657938	0.738021
1116	0.650618	0.746875
1117	0.656664	0.743750
1118	0.648420	0.747656
1119	0.654671	0.741406
1120	0.656706	0.741667
1121	0.660083	0.740625
1122	0.649413	0.745313
1123	0.654901	0.744531
1124	0.659880	0.740365
1125	0.654549	0.737500
1126	0.650967	0.744010
1127	0.657111	0.738281
1128	0.655872	0.744271
1129	0.658503	0.743750
1130	0.658302	0.739844
1131	0.684886	0.730990
1132	0.689196	0.734115
1133	0.660044	0.740625
1134	0.657428	0.743490
1135	0.653532	0.744531
1136	0.658014	0.741406
1137	0.654684	0.735677
1138	0.652336	0.740885
1139	0.655470	0.741667
1140	0.652295	0.742448
1141	0.652535	0.748177
1142	0.655061	0.741927
1143	0.656142	0.738802
1144	0.658011	0.745833
1145	0.653960	0.742969
1146	0.651633	0.739062
1147	0.653199	0.734635
1148	0.656656	0.740365
1149	0.649833	0.742188
1150	0.653576	0.747917
1151	0.656936	0.741927
1152	0.653393	0.745052
1153	0.651948	0.741146
1154	0.656368	0.741146
1155	0.659897	0.736458
1156	0.660746	0.736198
1157	0.657072	0.744792
1158	0.653606	0.742448
1159	0.656190	0.739844
1160	0.653132	0.742708
1161	0.658724	0.740885
1162	0.663841	0.733854
1163	0.664972	0.738802
1164	0.669944	0.732031
1165	0.661839	0.738021
1166	0.657706	0.741927
1167	0.652398	0.745052
1168	0.658933	0.734896
1169	0.646031	0.747656
1170	0.651917	0.738021
1171	0.651205	0.747396
1172	0.654819	0.741406
1173	0.656926	0.740365
1174	0.655193	0.738021
1175	0.651613	0.742969
1176	0.650073	0.741927
1177	0.649734	0.748177
1178	0.652218	0.741667
1179	0.651974	0.745313
1180	0.651361	0.746615
1181	0.657384	0.741146
1182	0.655157	0.739062
1183	0.653782	0.736458
1184	0.655958	0.735417
1185	0.657711	0.736979
1186	0.655035	0.743229
1187	0.662309	0.736198
1188	0.654682	0.742708
1189	0.655024	0.742448
1190	0.651409	0.745833
1191	0.662019	0.736979
1192	0.659593	0.738542
1193	0.653324	0.743229
1194	0.650544	0.742448
1195	0.665396	0.739062
1196	0.680197	0.736458
1197	0.667676	0.734896
1198	0.653984	0.741927
1199	0.644822	0.749740
1200	0.655935	0.740365
1201	0.652866	0.745573
1202	0.653731	0.744792
1203	0.650513	0.744531
1204	0.652778	0.739844
1205	0.652199	0.748438
1206	0.657193	0.738542
1207	0.653465	0.740104
1208	0.646565	0.749740
1209	0.650324	0.741406
1210	0.652295	0.746094
1211	0.656973	0.735677
1212	0.650726	0.745052
1213	0.651929	0.744010
1214	0.650431	0.744531
1215	0.653812	0.741146
1216	0.651333	0.738021
1217	0.651666	0.741146
1218	0.656862	0.744271
1219	0.656568	0.737760
1220	0.648047	0.750781
1221	0.651736	0.741406
1222	0.651431	0.744792
1223	0.651013	0.744010
1224	0.649643	0.744792
1225	0.653244	0.737500
1226	0.651197	0.742708
1227	0.655821	0.742708
1228	0.650117	0.740104
1229	0.656425	0.739583
1230	0.655232	0.740104
1231	0.655724	0.745313
1232	0.671041	0.738802
1233	0.678972	0.744531
1234	0.657627	0.739583
1235	0.659610	0.736719
1236	0.652594	0.747396
1237	0.649967	0.746615
1238	0.655430	0.741927
1239	0.650064	0.745052
1240	0.652283	0.746354
1241	0.652431	0.735417
1242	0.651458	0.739062
1243	0.658292	0.737500
1244	0.652691	0.743229
1245	0.652335	0.745573
1246	0.653907	0.739583
1247	0.650486	0.744271
1248	0.650636	0.744271
1249	0.650703	0.741406
1250	0.654761	0.744531
1251	0.654296	0.741146
1252	0.656517	0.741146
1253	0.651521	0.742448
1254	0.654275	0.740365
1255	0.654646	0.742188
1256	0.649294	0.741146
1257	0.647292	0.750260
1258	0.652966	0.740365
1259	0.651086	0.740885
1260	0.655962	0.739062
1261	0.651310	0.746615
1262	0.652637	0.745313
1263	0.649469	0.745573
1264	0.649746	0.746094
1265	0.650070	0.742708
1266	0.651852	0.748438
1267	0.650998	0.744271
1268	0.660174	0.742969
1269	0.687514	0.736719
1270	0.675055	0.733854
1271	0.652810	0.745052
1272	0.649300	0.745573
1273	0.652264	0.739323
1274	0.650115	0.743490
1275	0.657315	0.740104
1276	0.655564	0.741406
1277	0.648967	0.742448
1278	0.655397	0.744531
1279	0.654431	0.740104
1280	0.651815	0.742708
1281	0.650306	0.742448
1282	0.649572	0.742708
1283	0.648716	0.749740
1284	0.648208	0.745573
1285	0.652806	0.743229
1286	0.654609	0.745052
1287	0.641988	0.754427
1288	0.647500	0.745313
1289	0.657157	0.743490
1290	0.647825	0.744531
1291	0.655230	0.739583
1292	0.648811	0.743229
1293	0.649887	0.741406
1294	0.650068	0.746354
1295	0.643011	0.750781
1296	0.646036	0.741667
1297	0.652606	0.735677
1298	0.649221	0.738542
1299	0.651267	0.747135
1300	0.645642	0.750521
1301	0.644505	0.745052
1302	0.653356	0.739844
1303	0.645553	0.742969
1304	0.654048	0.745052
1305	0.649608	0.742969
1306	0.658417	0.746615
1307	0.653703	0.747135
1308	0.646550	0.745833
1309	0.649894	0.743750
1310	0.652971	0.741667
1311	0.654005	0.744531
1312	0.653258	0.740104
1313	0.655775	0.738802
1314	0.650795	0.745052
1315	0.647698	0.748958
1316	0.649983	0.745833
1317	0.649441	0.747135
1318	0.642821	0.746875
1319	0.646542	0.743750
1320	0.672465	0.744271
1321	0.702378	0.727344
1322	0.668214	0.741406
1323	0.650346	0.744271
1324	0.650862	0.744271
1325	0.650695	0.742188
1326	0.652218	0.737500
1327	0.650478	0.743490
1328	0.646089	0.745052
1329	0.648765	0.742969
1330	0.647425	0.747396
1331	0.648142	0.746354
1332	0.650059	0.744271
1333	0.645915	0.741927
1334	0.647852	0.745573
1335	0.651444	0.745313
1336	0.648028	0.745313
1337	0.651067	0.745052
1338	0.650296	0.745313
1339	0.646574	0.744531
1340	0.646170	0.745573
1341	0.649352	0.746875
1342	0.649368	0.741146
1343	0.647569	0.746094
1344	0.648627	0.742448
1345	0.648497	0.742448
1346	0.645291	0.741927
1347	0.647954	0.742448
1348	0.641961	0.749740
1349	0.645707	0.746875
1350	0.647868	0.746615
1351	0.648298	0.748958
1352	0.648574	0.744271
1353	0.647182	0.745052
1354	0.644144	0.751302
1355	0.646970	0.742188
1356	0.647412	0.743229
1357	0.647955	0.745313
1358	0.651746	0.743750
1359	0.651651	0.744010
1360	0.644101	0.744792
1361	0.645437	0.746094
1362	0.646944	0.749740
1363	0.649258	0.742448
1364	0.646669	0.738281
1365	0.649646	0.747917
1366	0.651661	0.741927
1367	0.655162	0.743229
1368	0.647818	0.746354
1369	0.654281	0.744531
1370	0.644952	0.748177
1371	0.646699	0.748177
1372	0.639838	0.743229
1373	0.646557	0.745052
1374	0.651379	0.742448
1375	0.643843	0.749479
1376	0.650641	0.742188
1377	0.649848	0.742448
1378	0.651841	0.736719
1379	0.653425	0.741927
1380	0.646024	0.747656
1381	0.650732	0.741406
1382	0.646399	0.747656
1383	0.647496	0.744271
1384	0.647450	0.740365
1385	0.652753	0.742969
1386	0.645164	0.745833
1387	0.644483	0.746875
1388	0.650154	0.740885
1389	0.648130	0.743229
1390	0.650453	0.748438
1391	0.647116	0.740625
1392	0.648296	0.742969
1393	0.642517	0.747135
1394	0.642966	0.749479
1395	0.645961	0.744010
1396	0.649422	0.743229
1397	0.655495	0.741667
1398	0.658983	0.739583
1399	0.644598	0.744010
1400	0.658805	0.738802
1401	0.648278	0.744792
1402	0.660034	0.737500
1403	0.684940	0.742188
1404	0.654645	0.739844
1405	0.649234	0.744010
1406	0.647639	0.744271
1407	0.646118	0.750781
1408	0.652330	0.743490
1409	0.647370	0.748177
1410	0.645104	0.744010
1411	0.644602	0.743229
1412	0.645531	0.747656
1413	0.646222	0.754167
1414	0.646534	0.744792
1415	0.647810	0.742969
1416	0.642590	0.745313
1417	0.648419	0.746354
1418	0.648984	0.743229
1419	0.647935	0.742188
1420	0.647354	0.746094
1421	0.641890	0.744792
1422	0.647983	0.742969
1423	0.649192	0.741667
1424	0.650261	0.744792
1425	0.646443	0.744271
1426	0.650602	0.742188
1427	0.649320	0.747656
1428	0.646177	0.742448
1429	0.649601	0.747656
1430	0.649151	0.742969
1431	0.656091	0.739844
1432	0.651763	0.739844
1433	0.651225	0.743229
1434	0.643197	0.751042
1435	0.648797	0.742448
1436	0.645384	0.752604
1437	0.650323	0.745052
1438	0.648020	0.743490
1439	0.644398	0.745313
1440	0.639783	0.745313
1441	0.647662	0.743490
1442	0.650638	0.743229
1443	0.643443	0.746354
1444	0.648492	0.742188
1445	0.649352	0.748177
1446	0.649504	0.745313
1447	0.650733	0.744271
1448	0.648139	0.740625
1449	0.650649	0.743490
1450	0.643938	0.746615
1451	0.651823	0.739844
1452	0.649099	0.745833
1453	0.648062	0.743229
1454	0.643058	0.746615
1455	0.650171	0.745052
1456	0.658191	0.744792
1457	0.685992	0.729688
1458	0.670653	0.740365
1459	0.648706	0.744531
1460	0.648191	0.748438
1461	0.645556	0.747396
1462	0.650172	0.742708
1463	0.644359	0.746875
1464	0.641606	0.747656
1465	0.641080	0.748958
1466	0.645672	0.746615
1467	0.645963	0.750260
1468	0.640738	0.743229
1469	0.645757	0.749740
1470	0.646788	0.751042
1471	0.648055	0.747396
1472	0.646722	0.749740
1473	0.645936	0.745313
1474	0.649081	0.741927
1475	0.644840	0.748698
1476	0.643099	0.747917
1477	0.644834	0.748698
1478	0.648136	0.740885
1479	0.644211	0.742708
1480	0.642547	0.749479
1481	0.642189	0.744010
1482	0.645223	0.744010
1483	0.649115	0.743490
1484	0.646834	0.746094
1485	0.653569	0.741667
1486	0.648532	0.746615
1487	0.643875	0.747917
1488	0.642282	0.750521
1489	0.649952	0.742708
1490	0.645870	0.744271
1491	0.647659	0.747135
1492	0.648037	0.741667
1493	0.647264	0.743750
1494	0.639254	0.746875
1495	0.640225	0.749740
1496	0.643216	0.747917
1497	0.641974	0.747135
1498	0.643139	0.747656
1499	0.639961	0.747656
1500	0.644723	0.746094
1501	0.641005	0.750000
1502	0.647660	0.741667
1503	0.651327	0.743229
1504	0.654216	0.741406
1505	0.648914	0.741667
1506	0.648118	0.745573
1507	0.646351	0.748438
1508	0.643907	0.747135
1509	0.642112	0.742708
1510	0.640171	0.745573
1511	0.648886	0.741667
1512	0.645906	0.744271
1513	0.645159	0.751823
1514	0.647303	0.741406
1515	0.654484	0.742448
1516	0.651659	0.738542
1517	0.650762	0.740104
1518	0.646890	0.742708
1519	0.644565	0.745313
1520	0.643879	0.742448
1521	0.642749	0.746615
1522	0.637017	0.752865
1523	0.647540	0.748177
1524	0.645141	0.746875
1525	0.641682	0.745573
1526	0.642936	0.748958
1527	0.645927	0.748698
1528	0.643252	0.747656
1529	0.646985	0.744792
1530	0.646553	0.748438
1531	0.649106	0.742448
1532	0.641280	0.745573
1533	0.639805	0.747396
1534	0.643200	0.745313
1535	0.646388	0.745052
1536	0.652240	0.739583
1537	0.644603	0.750000
1538	0.649503	0.742188
1539	0.643563	0.743490
1540	0.648493	0.742708
1541	0.645930	0.741927
1542	0.641240	0.747917
1543	0.650309	0.748698
1544	0.641561	0.749740
1545	0.649193	0.745052
1546	0.643462	0.742708
1547	0.638693	0.747135
1548	0.643777	0.740885
1549	0.642776	0.747917
1550	0.652790	0.741927
1551	0.646223	0.749479
1552	0.643826	0.747917
1553	0.644937	0.739062
1554	0.642733	0.744792
1555	0.645412	0.739844
1556	0.650070	0.745573
1557	0.643637	0.751042
1558	0.646755	0.753385
1559	0.640412	0.748958
1560	0.643231	0.749479
1561	0.642520	0.749219
1562	0.643328	0.748177
1563	0.650739	0.744271
1564	0.641301	0.749219
1565	0.639154	0.749479
1566	0.652447	0.742969
1567	0.652135	0.746354
1568	0.660325	0.750781
1569	0.652760	0.741667
1570	0.645604	0.744531
1571	0.635810	0.747135
1572	0.645513	0.743750
1573	0.645712	0.741406
1574	0.640829	0.748958
1575	0.644729	0.748698
1576	0.646435	0.744271
1577	0.643708	0.747917
1578	0.643729	0.745052
1579	0.646369	0.746875
1580	0.643778	0.748177
1581	0.642719	0.748958
1582	0.646034	0.742448
1583	0.642475	0.748438
1584	0.641768	0.745833
1585	0.644489	0.743750
1586	0.642204	0.745833
1587	0.643972	0.750781
1588	0.649163	0.747656
1589	0.638423	0.751302
1590	0.644112	0.745573
1591	0.647149	0.746354
1592	0.635214	0.753125
1593	0.641082	0.745052
1594	0.639329	0.750000
1595	0.646419	0.745052
1596	0.647526	0.745052
1597	0.648586	0.741406
1598	0.648799	0.745313
1599	0.649604	0.743750
1600	0.642698	0.752083
1601	0.647858	0.746094
1602	0.647422	0.750521
1603	0.644212	0.745573
1604	0.650663	0.745833
1605	0.642895	0.747135
1606	0.648570	0.741146
1607	0.646202	0.748177
1608	0.638412	0.752344
1609	0.642851	0.746875
1610	0.642827	0.747396
1611	0.636534	0.750260
1612	0.661192	0.746875
1613	0.649912	0.747135
1614	0.650214	0.746094
1615	0.647746	0.744010
1616	0.638750	0.751562
1617	0.639526	0.745573
1618	0.651414	0.749219
1619	0.644944	0.746094
1620	0.643126	0.744531
1621	0.643890	0.746875
1622	0.646057	0.742448
1623	0.644384	0.748438
1624	0.641033	0.753906
1625	0.646190	0.746354
1626	0.654017	0.739844
1627	0.645642	0.741406
1628	0.644772	0.742969
1629	0.644367	0.750000
1630	0.635755	0.748438
1631	0.641092	0.751042
1632	0.643478	0.744531
1633	0.647186	0.747917
1634	0.641054	0.752344
1635	0.648557	0.740625
1636	0.643254	0.751302
1637	0.641311	0.752865
1638	0.645165	0.742708
1639	0.643948	0.747135
1640	0.649125	0.740365
1641	0.648975	0.748177
1642	0.644635	0.745573
1643	0.648969	0.741406
1644	0.641157	0.742969
1645	0.641797	0.751042
1646	0.635901	0.751562
1647	0.637402	0.744010
1648	0.643440	0.751562
1649	0.637340	0.749479
1650	0.641919	0.747656
1651	0.638687	0.744010
1652	0.643434	0.754948
1653	0.645230	0.746875
1654	0.646665	0.751302
1655	0.640898	0.746354
1656	0.644667	0.742448
1657	0.636631	0.751302
1658	0.648890	0.745573
1659	0.644681	0.746615
1660	0.643042	0.751302
1661	0.642832	0.749740
1662	0.641949	0.755729
1663	0.642766	0.744792
1664	0.641981	0.751302
1665	0.643587	0.751562
1666	0.646323	0.747396
1667	0.646068	0.744271
1668	0.648166	0.750260
1669	0.641286	0.748438
1670	0.652083	0.740365
1671	0.645219	0.744531
1672	0.640864	0.753385
1673	0.640802	0.749740
1674	0.642083	0.754687
1675	0.647153	0.747917
1676	0.643032	0.744792
1677	0.645368	0.754687
1678	0.642897	0.744531
1679	0.643336	0.750521
1680	0.641593	0.752604
1681	0.640936	0.750260
1682	0.642389	0.751042
1683	0.644660	0.750000
1684	0.639888	0.750260
1685	0.647651	0.747656
1686	0.650965	0.748438
1687	0.642613	0.746615
1688	0.647829	0.745833
1689	0.640751	0.747396
1690	0.640983	0.750781
1691	0.638780	0.747135
1692	0.642237	0.747135
1693	0.633757	0.751042
1694	0.648254	0.745833
1695	0.642494	0.747656
1696	0.646522	0.743229
1697	0.639286	0.751042
1698	0.640763	0.752083
1699	0.642085	0.750781
1700	0.641050	0.745052
1701	0.641964	0.749740
1702	0.650092	0.744531
1703	0.685043	0.739583
1704	0.645644	0.740885
1705	0.641191	0.746354
1706	0.640378	0.748958
1707	0.641040	0.747656
1708	0.639910	0.750000
1709	0.643619	0.742448
1710	0.640538	0.744531
1711	0.639454	0.755729
1712	0.640354	0.746094
1713	0.643333	0.748438
1714	0.643183	0.739323
1715	0.638839	0.741927
1716	0.637081	0.749479
1717	0.643355	0.751042
1718	0.635649	0.758333
1719	0.636878	0.746615
1720	0.641181	0.753646
1721	0.639963	0.748177
1722	0.639026	0.750260
1723	0.650006	0.741927
1724	0.637598	0.747656
1725	0.641184	0.749479
1726	0.639927	0.755990
1727	0.637810	0.750260
1728	0.643063	0.744531
1729	0.639444	0.748698
1730	0.639372	0.748177
1731	0.639105	0.751823
1732	0.639416	0.754167
1733	0.642090	0.747135
1734	0.637480	0.745313
1735	0.639395	0.752083
1736	0.644595	0.740625
1737	0.637703	0.751562
1738	0.638913	0.742708
1739	0.635244	0.751302
1740	0.640666	0.748958
1741	0.647395	0.745052
1742	0.641579	0.745313
1743	0.644681	0.752604
1744	0.638793	0.752865
1745	0.645106	0.747135
1746	0.665465	0.738281
1747	0.654873	0.745313
1748	0.648894	0.745313
1749	0.640768	0.754687
1750	0.636552	0.749219
1751	0.641118	0.741406
1752	0.638877	0.751042
1753	0.641466	0.748698
1754	0.638505	0.748698
1755	0.641020	0.750781
1756	0.638134	0.752865
1757	0.637660	0.753385
1758	0.636053	0.749479
1759	0.642209	0.750521
1760	0.634798	0.747917
1761	0.647137	0.741406
1762	0.634094	0.751042
1763	0.637884	0.746354
1764	0.644454	0.746094
1765	0.638752	0.747396
1766	0.636165	0.748438
1767	0.640168	0.750781
1768	0.631503	0.754687
1769	0.637290	0.748177
1770	0.636850	0.745052
1771	0.646653	0.744531
1772	0.635649	0.750521
1773	0.645313	0.743229
1774	0.643884	0.749479
1775	0.651760	0.743229
1776	0.649277	0.745833
1777	0.652405	0.744010
1778	0.644640	0.741927
1779	0.636453	0.751042
1780	0.634018	0.751562
1781	0.637681	0.749479
1782	0.638960	0.745833
1783	0.638517	0.746094
1784	0.639193	0.749740
1785	0.633078	0.758594
1786	0.638746	0.745052
1787	0.634230	0.746875
1788	0.639498	0.750260
1789	0.636491	0.749479
1790	0.643310	0.746615
1791	0.639059	0.746875
1792	0.640322	0.750781
1793	0.638684	0.751042
1794	0.638392	0.742708
1795	0.635412	0.748958
1796	0.637569	0.751042
1797	0.638254	0.750781
1798	0.639679	0.747396
1799	0.637509	0.750521
1800	0.640445	0.747396
1801	0.643687	0.750781
1802	0.646138	0.747656
1803	0.644646	0.745833
1804	0.638765	0.747656
1805	0.639964	0.749479
1806	0.641464	0.748698
1807	0.640275	0.745833
1808	0.637399	0.753125
1809	0.644383	0.747135
1810	0.635788	0.750000
1811	0.636814	0.750781
1812	0.636157	0.752604
1813	0.642619	0.747656
1814	0.642093	0.744531
1815	0.638343	0.745313
1816	0.639993	0.748438
1817	0.641871	0.745833
1818	0.637629	0.750260
1819	0.641434	0.744531
1820	0.633868	0.751562
1821	0.641774	0.755208
1822	0.642184	0.746875
1823	0.640779	0.750781
1824	0.635311	0.750521
1825	0.639177	0.749219
1826	0.642845	0.746615
1827	0.644569	0.744792
1828	0.634301	0.755729
1829	0.635588	0.752865
1830	0.641231	0.746354
1831	0.638596	0.747135
1832	0.632667	0.752604
1833	0.636978	0.746615
1834	0.633900	0.749740
1835	0.634197	0.747396
1836	0.639265	0.752604
1837	0.643416	0.744792
1838	0.640622	0.747917
1839	0.644225	0.749219
1840	0.639840	0.747656
1841	0.639660	0.747396
1842	0.633420	0.751042
1843	0.637652	0.746615
1844	0.639073	0.754167
1845	0.635164	0.749479
1846	0.636773	0.754167
1847	0.645009	0.742708
1848	0.632866	0.756250
1849	0.648125	0.745833
1850	0.667708	0.746094
1851	0.650748	0.745573
1852	0.639627	0.747656
1853	0.638226	0.757031
1854	0.629087	0.752344
1855	0.636138	0.754427
1856	0.639710	0.754167
1857	0.637323	0.755208
1858	0.635322	0.750781
1859	0.633368	0.750781
1860	0.625571	0.757552
1861	0.630653	0.753906
1862	0.639273	0.753125
1863	0.642392	0.751302
1864	0.635916	0.752604
1865	0.640964	0.753125
1866	0.633937	0.748698
1867	0.639008	0.753125
1868	0.638737	0.753906
1869	0.628133	0.754167
1870	0.635880	0.749219
1871	0.637698	0.753646
1872	0.638101	0.752083
1873	0.636352	0.744792
1874	0.637329	0.754427
1875	0.636651	0.747135
1876	0.637756	0.747917
1877	0.642377	0.743750
1878	0.642754	0.749479
1879	0.638789	0.745573
1880	0.639641	0.748958
1881	0.636338	0.745833
1882	0.632876	0.748958
1883	0.634945	0.748177
1884	0.638117	0.748698
1885	0.635300	0.748958
1886	0.633061	0.751042
1887	0.639200	0.751042
1888	0.636833	0.750260
1889	0.631798	0.754167
1890	0.633838	0.751562
1891	0.639144	0.749479
1892	0.635062	0.752865
1893	0.643995	0.743750
1894	0.636994	0.752344
1895	0.638732	0.746094
1896	0.633690	0.752083
1897	0.640039	0.751302
1898	0.636307	0.752344
1899	0.633838	0.746354
1900	0.635510	0.751562
1901	0.636881	0.751562
1902	0.637001	0.753385
1903	0.640244	0.749740
1904	0.638876	0.755208
1905	0.640630	0.748698
1906	0.640028	0.753906
1907	0.634696	0.752865
1908	0.629538	0.755729
1909	0.635990	0.749740
1910	0.633047	0.756771
1911	0.632701	0.754948
1912	0.645295	0.744271
1913	0.639296	0.754427
1914	0.632307	0.749740
1915	0.637745	0.747135
1916	0.638297	0.748438
1917	0.634225	0.742708
1918	0.634057	0.753906
1919	0.634083	0.751823
1920	0.634817	0.752865
1921	0.652960	0.749479
1922	0.657821	0.740625
1923	0.671831	0.739323
1924	0.642562	0.749479
1925	0.637415	0.742708
1926	0.632972	0.748958
1927	0.636543	0.754948
1928	0.637903	0.749479
1929	0.633756	0.751302
1930	0.636627	0.753646
1931	0.635717	0.748698
1932	0.637678	0.747135
1933	0.631083	0.753125
1934	0.637466	0.753385
1935	0.630838	0.753646
1936	0.633938	0.754687
1937	0.642510	0.750781
1938	0.631417	0.747396
1939	0.640439	0.748958
1940	0.643010	0.746615
1941	0.628591	0.753646
1942	0.635034	0.745833
1943	0.635642	0.750000
1944	0.638686	0.747917
1945	0.638088	0.748438
1946	0.635249	0.750260
1947	0.633956	0.751823
1948	0.637480	0.749479
1949	0.639409	0.741406
1950	0.641384	0.748698
1951	0.629404	0.751302
1952	0.635385	0.751823
1953	0.667183	0.741667
1954	0.682611	0.735937
1955	0.645254	0.749479
1956	0.640669	0.750521
1957	0.629557	0.747656
1958	0.636342	0.751302
1959	0.638954	0.748438
1960	0.635404	0.753646
1961	0.630216	0.753906
1962	0.636388	0.752865
1963	0.636635	0.751042
1964	0.633944	0.748698
1965	0.630082	0.750000
1966	0.631247	0.748698
1967	0.636263	0.746615
1968	0.636833	0.747396
1969	0.634451	0.751562
1970	0.641972	0.746094
1971	0.632739	0.751823
1972	0.638374	0.744010
1973	0.638202	0.746354
1974	0.629282	0.755990
1975	0.634389	0.752083
1976	0.638678	0.747396
1977	0.637833	0.753125
1978	0.632045	0.751562
1979	0.631398	0.751823
1980	0.640556	0.746615
1981	0.637683	0.748438
1982	0.638619	0.747135
1983	0.638446	0.751562
1984	0.637736	0.751562
1985	0.628349	0.753385
1986	0.640163	0.749219
1987	0.634963	0.751042
1988	0.635107	0.748698
1989	0.634468	0.750781
1990	0.637608	0.750260
1991	0.634060	0.758333
1992	0.637822	0.747396
1993	0.635315	0.753646
1994	0.634042	0.752604
1995	0.635939	0.753125
1996	0.637921	0.745573
1997	0.646658	0.744271
1998	0.698849	0.735156
1999	0.631444	0.751042
2000	0.634219	0.757031
2001	0.635976	0.748438
2002	0.635214	0.754427
2003	0.637434	0.751302
2004	0.632713	0.753125
2005	0.626085	0.756771
2006	0.632154	0.755469
2007	0.632308	0.746354
2008	0.631751	0.747656
2009	0.625942	0.755990
2010	0.630622	0.749219
2011	0.631757	0.753385
2012	0.634723	0.745573
2013	0.630955	0.748177
2014	0.624693	0.752865
2015	0.637229	0.754687
2016	0.634663	0.750781
2017	0.631941	0.742708
2018	0.634436	0.751823
2019	0.632500	0.752083
2020	0.636203	0.749479
2021	0.632814	0.756510
2022	0.632194	0.757812
2023	0.633453	0.748958
2024	0.637720	0.747917
2025	0.632367	0.754687
2026	0.639777	0.752344
2027	0.641899	0.747396
2028	0.632159	0.752083
2029	0.635401	0.753646
2030	0.628410	0.757292
2031	0.636184	0.748438
2032	0.633749	0.754167
2033	0.639117	0.750000
2034	0.638116	0.748177
2035	0.633442	0.755990
2036	0.635709	0.752604
2037	0.630801	0.754687
2038	0.635996	0.749219
2039	0.632838	0.748698
2040	0.633172	0.752083
2041	0.633196	0.744792
2042	0.641403	0.749740
2043	0.642538	0.748177
2044	0.636960	0.752083
2045	0.630124	0.751302
2046	0.639428	0.746094
2047	0.631683	0.755729
2048	0.623767	0.752604
2049	0.634288	0.746354
2050	0.631824	0.752344
2051	0.633661	0.752344
2052	0.634000	0.750000
2053	0.635928	0.754167
2054	0.632538	0.752083
2055	0.633851	0.750781
2056	0.635251	0.752865
2057	0.635326	0.749479
2058	0.632167	0.753906
2059	0.634709	0.748698
2060	0.637526	0.753646
2061	0.629271	0.752344
2062	0.637019	0.749740
2063	0.631201	0.749740
2064	0.630019	0.753385
2065	0.630108	0.760938
2066	0.643847	0.747396
2067	0.630821	0.752344
2068	0.623865	0.759115
2069	0.630088	0.754167
2070	0.627932	0.752865
2071	0.632227	0.751562
2072	0.632059	0.748438
2073	0.632523	0.755990
2074	0.630438	0.760677
2075	0.639648	0.746875
2076	0.641910	0.749479
2077	0.639829	0.744010
2078	0.637388	0.749219
2079	0.632147	0.757031
2080	0.639141	0.752344
2081	0.635772	0.751302
2082	0.632512	0.750260
2083	0.636378	0.749740
2084	0.628644	0.754167
2085	0.630214	0.747396
2086	0.625890	0.754167
2087	0.624233	0.751823
2088	0.630026	0.755208
2089	0.629908	0.753646
2090	0.626713	0.753385
2091	0.629434	0.751823
2092	0.631372	0.752344
2093	0.652062	0.745573
2094	0.665500	0.746875
2095	0.637532	0.745313
2096	0.630175	0.749740
2097	0.629354	0.753385
2098	0.633199	0.748438
2099	0.630229	0.752604
2100	0.622932	0.753385
2101	0.631711	0.758594
2102	0.628618	0.751823
2103	0.628423	0.759635
2104	0.633822	0.752083
2105	0.627912	0.755990
2106	0.634626	0.751302
2107	0.631152	0.754948
2108	0.631615	0.751042
2109	0.625993	0.758854
2110	0.630928	0.749740
2111	0.634213	0.752604
2112	0.637663	0.751042
2113	0.635578	0.749479
2114	0.627096	0.752865
2115	0.639315	0.751042
2116	0.630027	0.754167
2117	0.631010	0.753906
2118	0.633626	0.756510
2119	0.633733	0.750260
2120	0.620019	0.759896
2121	0.630515	0.753125
2122	0.634946	0.751823
2123	0.628910	0.753125
2124	0.629789	0.755729
2125	0.630028	0.753906
2126	0.631349	0.753646
2127	0.625426	0.757812
2128	0.626147	0.754167
2129	0.630893	0.749219
2130	0.629951	0.753646
2131	0.633006	0.752083
2132	0.645530	0.746875
2133	0.637485	0.743750
2134	0.632209	0.753125
2135	0.631951	0.752604
2136	0.631101	0.749740
2137	0.632500	0.750781
2138	0.628725	0.751302
2139	0.641478	0.741406
2140	0.630627	0.752604
2141	0.630544	0.758854
2142	0.635208	0.746875
2143	0.630208	0.756510
2144	0.629242	0.750521
2145	0.635100	0.749740
2146	0.641673	0.751042
2147	0.629408	0.755990
2148	0.632096	0.752344
2149	0.629080	0.752083
2150	0.636635	0.751823
2151	0.633570	0.757292
2152	0.631543	0.748438
2153	0.636722	0.751042
2154	0.633861	0.751302
2155	0.630352	0.750000
2156	0.637185	0.749740
2157	0.638773	0.746875
2158	0.638036	0.752865
2159	0.629942	0.747135
2160	0.631950	0.752865
2161	0.628562	0.754687
2162	0.630009	0.752865
2163	0.630379	0.753385
2164	0.627477	0.755208
2165	0.635466	0.751042
2166	0.635850	0.750000
2167	0.629438	0.750781
2168	0.626791	0.756510
2169	0.640916	0.745833
2170	0.631624	0.752083
2171	0.629492	0.753125
2172	0.632852	0.749219
2173	0.624760	0.755729
2174	0.628832	0.754167
2175	0.632459	0.756250
2176	0.626278	0.754167
2177	0.634908	0.752865
2178	0.631461	0.752865
2179	0.638999	0.745833
2180	0.629331	0.749479
2181	0.631860	0.756510
2182	0.623146	0.754687
2183	0.627848	0.755990
2184	0.637449	0.751302
2185	0.636891	0.749479
2186	0.633161	0.749219
2187	0.632944	0.754427
2188	0.624326	0.751042
2189	0.629398	0.757812
2190	0.629520	0.754167
2191	0.635407	0.753125
2192	0.628551	0.757292
2193	0.624429	0.748177
2194	0.632813	0.748958
2195	0.631397	0.749740
2196	0.658269	0.741927
2197	0.695128	0.735937
2198	0.634081	0.751302
2199	0.625877	0.753385
2200	0.628584	0.756771
2201	0.627016	0.750781
2202	0.628559	0.755729
2203	0.633271	0.749740
2204	0.629321	0.753646
2205	0.624962	0.754948
2206	0.626049	0.754948
2207	0.626766	0.757812
2208	0.621205	0.754427
2209	0.622036	0.752865
2210	0.630411	0.751302
2211	0.629612	0.750260
2212	0.625455	0.754948
2213	0.631848	0.752083
2214	0.624374	0.754167
2215	0.625936	0.755208
2216	0.626082	0.758854
2217	0.632171	0.750260
2218	0.631299	0.754167
2219	0.634673	0.751823
2220	0.630508	0.757292
2221	0.627973	0.751562
2222	0.631053	0.754167
2223	0.626050	0.760156
2224	0.625662	0.753385
2225	0.623227	0.756510
2226	0.629137	0.746615
2227	0.634240	0.750521
2228	0.628172	0.753125
2229	0.632338	0.751042
2230	0.630351	0.752604
2231	0.627259	0.756510
2232	0.622074	0.758333
2233	0.620011	0.755469
2234	0.629060	0.751302
2235	0.631944	0.755729
2236	0.634669	0.751302
2237	0.635067	0.755469
2238	0.628245	0.750000
2239	0.627289	0.754687
2240	0.630724	0.752344
2241	0.626465	0.755729
2242	0.618496	0.763021
2243	0.630474	0.752865
2244	0.631187	0.753906
2245	0.629247	0.752604
2246	0.626335	0.750000
2247	0.625428	0.752865
2248	0.631095	0.750000
2249	0.627228	0.758333
2250	0.626899	0.750000
2251	0.625604	0.751823
2252	0.627657	0.753385
2253	0.637116	0.754948
2254	0.628079	0.756250
2255	0.627357	0.755990
2256	0.625317	0.752604
2257	0.632198	0.749219
2258	0.637857	0.750000
2259	0.654248	0.745052
2260	0.661754	0.742448
2261	0.633023	0.750521
2262	0.625144	0.755469
2263	0.631424	0.754948
2264	0.626177	0.750521
2265	0.629257	0.752344
2266	0.630924	0.752604
2267	0.625479	0.755208
2268	0.630981	0.752865
2269	0.626097	0.751823
2270	0.626119	0.754687
2271	0.621496	0.761979
2272	0.622590	0.755990
2273	0.624640	0.759635
2274	0.630963	0.752344
2275	0.630146	0.751823
2276	0.624101	0.754167
2277	0.630950	0.752083
2278	0.627098	0.754427
2279	0.627163	0.755990
2280	0.624701	0.755469
2281	0.627897	0.755208
2282	0.632729	0.750521
2283	0.629595	0.757292
2284	0.630044	0.751823
2285	0.630966	0.751562
2286	0.631897	0.751042
2287	0.639791	0.755208
2288	0.619562	0.756250
2289	0.627262	0.756510
2290	0.631687	0.747656
2291	0.625897	0.752865
2292	0.624161	0.759375
2293	0.626242	0.753125
2294	0.625851	0.753646
2295	0.627606	0.753125
2296	0.625717	0.752344
2297	0.627142	0.751823
2298	0.631613	0.753906
2299	0.631939	0.748438
2300	0.625542	0.754948
2301	0.634439	0.746094
2302	0.628474	0.751042
2303	0.627096	0.749479
2304	0.625552	0.755990
2305	0.628336	0.754687
2306	0.636674	0.751562
2307	0.650723	0.753385
2308	0.643721	0.748698
2309	0.631461	0.752344
2310	0.626855	0.750521
2311	0.621001	0.756250
2312	0.627871	0.749479
2313	0.621608	0.757812
2314	0.634439	0.753906
2315	0.628956	0.752865
2316	0.630997	0.756250
2317	0.630570	0.755208
2318	0.624116	0.759115
2319	0.623591	0.755990
2320	0.630494	0.752865
2321	0.622866	0.751302
2322	0.627136	0.754167
2323	0.629069	0.754427
2324	0.632122	0.743229
2325	0.628965	0.748958
2326	0.632247	0.754948
2327	0.622914	0.753646
2328	0.627611	0.753385
2329	0.624628	0.756510
2330	0.623852	0.754948
2331	0.628026	0.750000
2332	0.622345	0.753906
2333	0.624222	0.756771
2334	0.625231	0.754427
2335	0.626571	0.753125
2336	0.626073	0.752344
2337	0.629953	0.755990
2338	0.632680	0.749219
2339	0.635320	0.748698
2340	0.623218	0.752083
2341	0.632641	0.749219
2342	0.629070	0.750260
2343	0.622679	0.757031
2344	0.626687	0.752865
2345	0.631692	0.749740
2346	0.665548	0.748958
2347	0.668206	0.742708
2348	0.632134	0.757552
2349	0.628319	0.750521
2350	0.622282	0.759115
2351	0.621704	0.757031
2352	0.623601	0.754427
2353	0.627710	0.749740
2354	0.624280	0.754167
2355	0.624542	0.755469
2356	0.623874	0.756510
2357	0.631548	0.753125
2358	0.627638	0.756510
2359	0.632127	0.751302
2360	0.629030	0.755990
2361	0.622591	0.754687
2362	0.624631	0.753125
2363	0.621677	0.754427
2364	0.633042	0.750521
2365	0.624661	0.755208
2366	0.623079	0.755469
2367	0.626934	0.760677
2368	0.621463	0.754687
2369	0.626796	0.748177
2370	0.619718	0.753125
2371	0.632820	0.751042
2372	0.629947	0.755990
2373	0.626846	0.754948
2374	0.628481	0.748698
2375	0.629991	0.751042
2376	0.624882	0.754167
2377	0.628187	0.753646
2378	0.624197	0.752083
2379	0.623292	0.758594
2380	0.620490	0.755729
2381	0.629574	0.755208
2382	0.622412	0.758594
2383	0.628095	0.760677
2384	0.627815	0.755729
2385	0.642323	0.746875
2386	0.629573	0.750521
2387	0.629215	0.755208
2388	0.626597	0.754687
2389	0.625133	0.752865
2390	0.625785	0.748438
2391	0.627293	0.752604
2392	0.623980	0.757812
2393	0.630810	0.747396
2394	0.625032	0.757552
2395	0.634263	0.750000
2396	0.628396	0.755990
2397	0.623377	0.752083
2398	0.623069	0.752083
2399	0.626577	0.759115
2400	0.633920	0.751823
2401	0.630996	0.750781
2402	0.628640	0.751562
2403	0.637633	0.750521
2404	0.630132	0.753906
2405	0.626952	0.760156
2406	0.630702	0.757552
2407	0.626948	0.748177
2408	0.626092	0.753646
2409	0.630826	0.746094
2410	0.631853	0.745052
2411	0.625686	0.753125
2412	0.634266	0.751042
2413	0.630336	0.757812
2414	0.631272	0.751042
2415	0.639332	0.755469
2416	0.630285	0.757552
2417	0.629317	0.754427
2418	0.624027	0.753125
2419	0.627128	0.754167
2420	0.626759	0.752604
2421	0.622907	0.752865
2422	0.627898	0.750000
2423	0.628345	0.753125
2424	0.632149	0.756510
2425	0.629560	0.754427
2426	0.636067	0.746615
2427	0.629745	0.749740
2428	0.624265	0.755990
2429	0.630492	0.752344
2430	0.624860	0.756510
2431	0.619596	0.752083
2432	0.624424	0.754948
2433	0.621164	0.758333
2434	0.626337	0.752344
2435	0.634185	0.746094
2436	0.628843	0.758073
2437	0.622971	0.760938
2438	0.626412	0.752604
2439	0.625764	0.754167
2440	0.625855	0.757031
2441	0.626141	0.752083
2442	0.621433	0.755990
2443	0.634595	0.752604
2444	0.639319	0.748698
2445	0.636424	0.750781
2446	0.628510	0.751302
2447	0.624574	0.751562
2448	0.623936	0.757292
2449	0.624162	0.758073
2450	0.629490	0.750260
2451	0.630313	0.750781
2452	0.624755	0.753646
2453	0.629946	0.749740
2454	0.633972	0.745833
2455	0.623504	0.758333
2456	0.626749	0.749479
2457	0.626356	0.754167
2458	0.623160	0.759896
2459	0.625687	0.753385
2460	0.623165	0.758333
2461	0.626599	0.758073
2462	0.621896	0.759635
2463	0.631972	0.754167
2464	0.633279	0.754167
2465	0.626130	0.754948
2466	0.628828	0.755208
2467	0.635659	0.746094
2468	0.621886	0.760417
2469	0.632609	0.749219
2470	0.623156	0.759115
2471	0.627214	0.750000
2472	0.631048	0.752344
2473	0.626471	0.753125
2474	0.631724	0.751042
2475	0.629850	0.755729
2476	0.624308	0.754427
2477	0.628403	0.748438
2478	0.624743	0.753646
2479	0.624000	0.753646
2480	0.630122	0.750260
2481	0.634039	0.750000
2482	0.628502	0.750000
2483	0.626402	0.753125
2484	0.623540	0.753906
2485	0.627993	0.758594
2486	0.621021	0.755469
2487	0.622957	0.756510
2488	0.633278	0.752083
2489	0.636070	0.743229
2490	0.629738	0.758854
2491	0.635198	0.746875
2492	0.633777	0.750521
2493	0.621478	0.757812
2494	0.629261	0.751042
2495	0.622208	0.759635
2496	0.622840	0.758594
2497	0.623846	0.757031
2498	0.624841	0.751562
2499	0.623653	0.750521
2500	0.618193	0.762500
2501	0.628917	0.748958
2502	0.626867	0.752865
2503	0.626424	0.753646
2504	0.625789	0.755990
2505	0.629604	0.752344
2506	0.629559	0.752604
2507	0.626230	0.753646
2508	0.626615	0.757292
2509	0.629993	0.751562
2510	0.625833	0.755469
2511	0.629229	0.755208
2512	0.633066	0.753125
2513	0.620215	0.751562
2514	0.625626	0.749740
2515	0.623302	0.756250
2516	0.627899	0.748698
2517	0.625242	0.755208
2518	0.629644	0.750260
2519	0.622659	0.757031
2520	0.620012	0.753385
2521	0.626475	0.753385
2522	0.621998	0.758333
2523	0.620502	0.752083
2524	0.627889	0.752083
2525	0.626830	0.757292
2526	0.624725	0.751042
2527	0.629022	0.754167
2528	0.629642	0.751823
2529	0.626762	0.753125
2530	0.650874	0.748698
2531	0.639572	0.753385
2532	0.630423	0.754948
2533	0.626238	0.754167
2534	0.623832	0.760156
2535	0.624997	0.757552
2536	0.623930	0.751823
2537	0.625749	0.752344
2538	0.624651	0.754948
2539	0.621082	0.761198
2540	0.624698	0.755729
2541	0.619854	0.755469
2542	0.629216	0.754948
2543	0.617313	0.760677
2544	0.628372	0.753646
2545	0.627913	0.748698
2546	0.630837	0.751562
2547	0.624226	0.756510
2548	0.621011	0.757031
2549	0.628797	0.750521
2550	0.623836	0.750521
2551	0.623445	0.757292
2552	0.625151	0.753385
2553	0.618666	0.754427
2554	0.622154	0.758333
2555	0.625483	0.755990
2556	0.627933	0.753646
2557	0.626430	0.755208
2558	0.622646	0.761198
2559	0.625508	0.751562
2560	0.632662	0.749740
2561	0.623713	0.758073
2562	0.626208	0.753125
2563	0.628076	0.748438
2564	0.622543	0.755208
2565	0.618273	0.757031
2566	0.628984	0.752344
2567	0.624466	0.753906
2568	0.626843	0.756250
2569	0.623309	0.754687
2570	0.625607	0.759635
2571	0.622678	0.755990
2572	0.618985	0.754427
2573	0.622087	0.751042
2574	0.618199	0.757031
2575	0.616699	0.757292
2576	0.625705	0.752865
2577	0.623374	0.757031
2578	0.625015	0.752344
2579	0.635094	0.745833
2580	0.621820	0.759635
2581	0.622361	0.745573
2582	0.637444	0.755729
2583	0.629075	0.752344
2584	0.633172	0.745313
2585	0.630060	0.749479
2586	0.626097	0.754427
2587	0.622269	0.751042
2588	0.621584	0.757552
2589	0.624359	0.753125
2590	0.624323	0.757031
2591	0.626871	0.753646
2592	0.620413	0.752865
2593	0.624513	0.760677
2594	0.629632	0.751562
2595	0.623364	0.756771
2596	0.632225	0.754948
2597	0.629185	0.750521
2598	0.624768	0.755990
2599	0.622335	0.755729
2600	0.621235	0.758333
2601	0.613455	0.763802
2602	0.626579	0.752344
2603	0.636694	0.752344
2604	0.635507	0.747135
2605	0.629917	0.751823
2606	0.624796	0.752083
2607	0.625734	0.754427
2608	0.628214	0.748177
2609	0.619545	0.757552
2610	0.626141	0.753125
2611	0.623344	0.758333
2612	0.627515	0.752865
2613	0.625811	0.754167
2614	0.632627	0.751562
2615	0.630565	0.748438
2616	0.627243	0.756510
2617	0.617004	0.756771
2618	0.621162	0.753125
2619	0.628080	0.754948
2620	0.633415	0.750000
2621	0.633348	0.748958
2622	0.624570	0.755729
2623	0.622436	0.751562
2624	0.629950	0.751042
2625	0.629847	0.751302
2626	0.619057	0.754687
2627	0.632571	0.748698
2628	0.623229	0.755469
2629	0.629707	0.753385
2630	0.625656	0.750521
2631	0.631410	0.758073
2632	0.621784	0.751823
2633	0.625122	0.757292
2634	0.622994	0.754427
2635	0.626535	0.751823
2636	0.619902	0.755990
2637	0.628395	0.753385
2638	0.630810	0.755208
2639	0.629759	0.751823
2640	0.619879	0.754167
2641	0.621865	0.760417
2642	0.620891	0.753906
2643	0.628724	0.747656
2644	0.620953	0.752865
2645	0.623914	0.755208
2646	0.622680	0.757292
2647	0.624679	0.752083
2648	0.621532	0.762500
2649	0.618369	0.759375
2650	0.619300	0.763281
2651	0.638817	0.749740
2652	0.638002	0.750260
2653	0.637291	0.749479
2654	0.628702	0.756510
2655	0.632192	0.752865
2656	0.622617	0.756771
2657	0.623806	0.755990
2658	0.619396	0.757031
2659	0.619089	0.753385
2660	0.622557	0.749740
2661	0.622885	0.760417
2662	0.623244	0.750781
2663	0.620813	0.756510
2664	0.629392	0.757812
2665	0.620266	0.759115
2666	0.624751	0.756510
2667	0.626904	0.752344
2668	0.633300	0.754687
2669	0.631279	0.746875
2670	0.618283	0.761979
2671	0.624299	0.751562
2672	0.622960	0.760677
2673	0.627669	0.752083
2674	0.622215	0.757031
2675	0.619445	0.752865
2676	0.622632	0.755208
2677	0.623239	0.756250
2678	0.623111	0.754167
2679	0.619749	0.755729
2680	0.621542	0.758073
2681	0.620910	0.751562
2682	0.622217	0.753646
2683	0.620991	0.756510
2684	0.634653	0.748958
2685	0.626668	0.750521
2686	0.617599	0.756250
2687	0.625521	0.754948
2688	0.631800	0.749740
2689	0.626906	0.757031
2690	0.620694	0.760156
2691	0.621660	0.749479
2692	0.624766	0.756510
2693	0.624633	0.755729
2694	0.627472	0.751823
2695	0.621937	0.759115
2696	0.617050	0.756510
2697	0.623840	0.749479
2698	0.628838	0.751823
2699	0.624309	0.749479
2700	0.635332	0.750260
2701	0.630072	0.753646
2702	0.624664	0.756510
2703	0.616261	0.763281
2704	0.613608	0.751823
2705	0.626562	0.756250
2706	0.618903	0.759635
2707	0.619575	0.753646
2708	0.630725	0.751302
2709	0.628448	0.749740
2710	0.628141	0.754427
2711	0.626943	0.751823
2712	0.625884	0.749479
2713	0.625984	0.750521
2714	0.622013	0.756250
2715	0.624217	0.752083
2716	0.618780	0.751562
2717	0.619936	0.757812
2718	0.613712	0.761198
2719	0.620311	0.757812
2720	0.627157	0.753646
2721	0.627505	0.757292
2722	0.625519	0.754687
2723	0.622969	0.755729
2724	0.633091	0.756771
2725	0.625833	0.749740
2726	0.623983	0.752604
2727	0.617928	0.752604
2728	0.624292	0.753385
2729	0.619363	0.749740
2730	0.627904	0.753906
2731	0.616471	0.762240
2732	0.621264	0.758594
2733	0.623067	0.753906
2734	0.626390	0.755469
2735	0.622069	0.753906
2736	0.619970	0.756771
2737	0.635668	0.747656
2738	0.629144	0.749219
2739	0.632455	0.749219
2740	0.621439	0.753125
2741	0.624225	0.758073
2742	0.629228	0.753385
2743	0.624441	0.755469
2744	0.622017	0.756510
2745	0.622330	0.753906
2746	0.620426	0.758333
2747	0.625861	0.752604
2748	0.632903	0.749219
2749	0.624273	0.749219
2750	0.629108	0.758333
2751	0.621664	0.756250
2752	0.621752	0.755990
2753	0.626010	0.754167
2754	0.624874	0.754167
2755	0.618958	0.760156
2756	0.627644	0.752865
2757	0.623541	0.757552
2758	0.621542	0.753646
2759	0.615618	0.760677
2760	0.623520	0.753906
2761	0.640077	0.761198
2762	0.639232	0.748438
2763	0.627620	0.757292
2764	0.618276	0.759635
2765	0.625706	0.746094
2766	0.624791	0.754167
2767	0.622813	0.755990
2768	0.616666	0.758854
2769	0.623438	0.754427
2770	0.621714	0.757031
2771	0.619132	0.757552
2772	0.628088	0.751302
2773	0.617965	0.761979
2774	0.619245	0.757292
2775	0.621637	0.752344
2776	0.629123	0.756771
2777	0.622743	0.753385
2778	0.614596	0.762240
2779	0.631132	0.747396
2780	0.620323	0.751823
2781	0.621469	0.753646
2782	0.629506	0.752604
2783	0.622475	0.758594
2784	0.621362	0.757552
2785	0.618841	0.762240
2786	0.627940	0.753385
2787	0.625089	0.750000
2788	0.620421	0.761198
2789	0.625754	0.758073
2790	0.620474	0.758333
2791	0.626764	0.751302
2792	0.625682	0.749740
2793	0.624474	0.751302
2794	0.622021	0.758333
2795	0.627831	0.753385
2796	0.622104	0.754948
2797	0.622204	0.753646
2798	0.623571	0.755208
2799	0.621858	0.753125
2800	0.624403	0.748698
2801	0.626326	0.750260
2802	0.622139	0.753385
2803	0.622703	0.761198
2804	0.619686	0.759115
2805	0.619044	0.758333
2806	0.616699	0.755469
2807	0.625270	0.755990
2808	0.625890	0.751823
2809	0.624295	0.758854
2810	0.620639	0.753385
2811	0.628050	0.753385
2812	0.623960	0.754167
2813	0.624730	0.753125
2814	0.620246	0.752083
2815	0.627642	0.748958
2816	0.625070	0.756250
2817	0.626552	0.752344
2818	0.627288	0.757812
2819	0.625880	0.751562
2820	0.625535	0.758333
2821	0.619621	0.757812
2822	0.620854	0.754167
2823	0.613528	0.759375
2824	0.624314	0.757031
2825	0.624963	0.753646
2826	0.619458	0.758854
2827	0.614548	0.758333
2828	0.614537	0.756510
2829	0.626211	0.753906
2830	0.625896	0.748698
2831	0.627588	0.750260
2832	0.625520	0.746875
2833	0.622183	0.758333
2834	0.622698	0.752604
2835	0.622218	0.758073
2836	0.617283	0.755208
2837	0.621257	0.755729
2838	0.623864	0.758854
2839	0.612618	0.756771
2840	0.627496	0.758073
2841	0.619397	0.757292
2842	0.627108	0.747917
2843	0.617429	0.760938
2844	0.623560	0.756250
2845	0.624373	0.752865
2846	0.619348	0.756771
2847	0.622196	0.754167
2848	0.623876	0.760677
2849	0.622045	0.755469
2850	0.612339	0.761458
2851	0.621911	0.756510
2852	0.617820	0.757292
2853	0.620503	0.758073
2854	0.629067	0.753906
2855	0.634550	0.751042
2856	0.622270	0.758854
2857	0.621596	0.760417
2858	0.627211	0.754427
2859	0.620232	0.753646
2860	0.617796	0.752865
2861	0.619055	0.757031
2862	0.625085	0.755469
2863	0.622149	0.758333
2864	0.630275	0.751302
2865	0.624103	0.753646
2866	0.619593	0.757031
2867	0.616342	0.759896
2868	0.622034	0.757031
2869	0.632649	0.750521
2870	0.621722	0.757031
2871	0.626458	0.753385
2872	0.628438	0.755729
2873	0.630064	0.754167
2874	0.624694	0.754167
2875	0.619282	0.752344
2876	0.619333	0.755208
2877	0.626954	0.759375
2878	0.621434	0.756250
2879	0.620509	0.754427
2880	0.621281	0.757292
2881	0.628007	0.755208
2882	0.633764	0.751562
2883	0.628277	0.749740
2884	0.632178	0.753125
2885	0.620198	0.754427
2886	0.623826	0.753906
2887	0.616791	0.758073
2888	0.626016	0.750521
2889	0.631076	0.750260
2890	0.620818	0.754167
2891	0.620606	0.753906
2892	0.614827	0.761198
2893	0.624289	0.754167
2894	0.624404	0.757552
2895	0.619519	0.756250
2896	0.620530	0.757812
2897	0.617727	0.757292
2898	0.630883	0.750521
2899	0.635619	0.746354
2900	0.620955	0.756510
2901	0.620731	0.756771
2902	0.616074	0.757812
2903	0.621244	0.758333
2904	0.621343	0.751823
2905	0.611102	0.765365
2906	0.622205	0.751823
2907	0.620125	0.757812
2908	0.620997	0.760938
2909	0.617391	0.758073
2910	0.615904	0.751302
2911	0.616342	0.757552
2912	0.632443	0.747656
2913	0.627898	0.750260
2914	0.619673	0.759635
2915	0.626800	0.750781
2916	0.620899	0.758594
2917	0.609707	0.760677
2918	0.618850	0.763802
2919	0.624422	0.751302
2920	0.632410	0.755729
2921	0.627030	0.755208
2922	0.625395	0.751302
2923	0.615075	0.760417
2924	0.624656	0.755469
2925	0.623295	0.760938
2926	0.622272	0.750260
2927	0.624203	0.754427
2928	0.627784	0.756771
2929	0.623079	0.759115
2930	0.613890	0.762760
2931	0.630151	0.753125
2932	0.623597	0.751302
2933	0.622043	0.754687
2934	0.619816	0.757812
2935	0.625156	0.751562
2936	0.628077	0.758333
2937	0.621039	0.752865
2938	0.620381	0.755990
2939	0.625325	0.746875
2940	0.621148	0.757812
2941	0.619992	0.758594
2942	0.611806	0.762240
2943	0.619103	0.759115
2944	0.623822	0.756771
2945	0.621894	0.757292
2946	0.620825	0.752344
2947	0.623900	0.755729
2948	0.620948	0.754167
2949	0.614882	0.757812
2950	0.626523	0.751042
2951	0.618761	0.757031
2952	0.618992	0.754687
2953	0.619397	0.753385
2954	0.615407	0.754948
2955	0.614164	0.760417
2956	0.623179	0.754948
2957	0.622007	0.750781
2958	0.622248	0.751042
2959	0.628308	0.752865
2960	0.624752	0.751042
2961	0.631704	0.747396
2962	0.619552	0.756510
2963	0.619952	0.752344
2964	0.627829	0.752083
2965	0.619247	0.757292
2966	0.611904	0.763542
2967	0.621131	0.753906
2968	0.624246	0.751302
2969	0.619125	0.754427
2970	0.626029	0.758073
2971	0.618680	0.756510
2972	0.617431	0.760156
2973	0.621885	0.753646
2974	0.614474	0.760417
2975	0.622156	0.756510
2976	0.621229	0.754948
2977	0.626340	0.752604
2978	0.624889	0.748177
2979	0.615571	0.760938
2980	0.623281	0.755990
2981	0.621649	0.754427
2982	0.617093	0.759896
2983	0.627276	0.755469
2984	0.620166	0.752865
2985	0.623013	0.753385
2986	0.631076	0.752604
2987	0.630538	0.753906
2988	0.622066	0.753385
2989	0.618122	0.758594
2990	0.617682	0.752083
2991	0.617748	0.759375
2992	0.615681	0.760677
2993	0.609432	0.756250
2994	0.620457	0.764323
2995	0.616473	0.760156
2996	0.619820	0.752865
2997	0.622498	0.754687
2998	0.626328	0.756510
2999	0.624740	0.752865
3000	0.618887	0.755729
3001	0.622175	0.757292
3002	0.625768	0.754427
3003	0.622060	0.755469
3004	0.621184	0.757031
3005	0.626229	0.754427
3006	0.626172	0.751302
3007	0.627146	0.757031
3008	0.632908	0.754687
3009	0.617117	0.756510
3010	0.621465	0.756510
3011	0.625759	0.751562
3012	0.628498	0.753125
3013	0.625231	0.759115
3014	0.620937	0.752865
3015	0.617568	0.762500
3016	0.621524	0.757812
3017	0.619395	0.754687
3018	0.618840	0.757812
3019	0.619791	0.752865
3020	0.617242	0.754687
3021	0.612168	0.761198
3022	0.617647	0.753385
3023	0.629002	0.752604
3024	0.612916	0.757292
3025	0.626868	0.752604
3026	0.615813	0.760938
3027	0.621494	0.760417
3028	0.624422	0.751562
3029	0.626325	0.752604
3030	0.624653	0.754167
3031	0.627226	0.752604
3032	0.614675	0.757292
3033	0.616096	0.758854
3034	0.611428	0.758594
3035	0.616800	0.758854
3036	0.622155	0.753906
3037	0.616001	0.756510
3038	0.619410	0.755208
3039	0.617709	0.755208
3040	0.621909	0.750260
3041	0.616169	0.754687
3042	0.622228	0.754687
3043	0.615264	0.758854
3044	0.618438	0.753906
3045	0.622049	0.753125
3046	0.629376	0.754427
3047	0.652756	0.745573
3048	0.638633	0.750000
3049	0.616600	0.756510
3050	0.613822	0.756510
3051	0.614394	0.753646
3052	0.617224	0.759115
3053	0.621234	0.759115
3054	0.613246	0.760677
3055	0.614935	0.755469
3056	0.621069	0.754687
3057	0.613967	0.756510
3058	0.621569	0.754427
3059	0.614178	0.755729
3060	0.624875	0.753385
3061	0.616690	0.752604
3062	0.622133	0.755990
3063	0.621799	0.757031
3064	0.619786	0.754687
3065	0.626426	0.750781
3066	0.618045	0.760156
3067	0.616449	0.752083
3068	0.607968	0.757031
3069	0.613414	0.761198
3070	0.621184	0.755208
3071	0.624792	0.758854
3072	0.616926	0.755990
3073	0.626343	0.753906
3074	0.614603	0.757812
3075	0.617771	0.756250
3076	0.622724	0.756510
3077	0.619312	0.756250
3078	0.616894	0.763542
3079	0.617260	0.751823
3080	0.617261	0.758594
3081	0.618499	0.759635
3082	0.614705	0.753646
3083	0.625759	0.749479
3084	0.626062	0.752083
3085	0.623883	0.752083
3086	0.621342	0.759115
3087	0.613592	0.757292
3088	0.616012	0.755469
3089	0.624275	0.750781
3090	0.619496	0.756510
3091	0.617344	0.755729
3092	0.615946	0.765104
3093	0.614443	0.754687
3094	0.619695	0.756771
3095	0.615148	0.757552
3096	0.616419	0.755990
3097	0.624247	0.752865
3098	0.618195	0.757552
3099	0.610435	0.760417
3100	0.615706	0.763021
3101	0.618402	0.758073
3102	0.613445	0.761719
3103	0.620361	0.757552
3104	0.619164	0.755990
3105	0.628904	0.747135
3106	0.628578	0.749740
3107	0.627983	0.756250
3108	0.620370	0.754687
3109	0.617147	0.755729
3110	0.609591	0.759115
3111	0.617651	0.759115
3112	0.611886	0.758594
3113	0.623288	0.756771
3114	0.619281	0.755729
3115	0.617750	0.760156
3116	0.619175	0.754427
3117	0.625413	0.749219
3118	0.626041	0.750521
3119	0.618170	0.754167
3120	0.625305	0.755469
3121	0.621574	0.755208
3122	0.618713	0.752344
3123	0.624181	0.753646
3124	0.619664	0.757552
3125	0.620975	0.757031
3126	0.614217	0.759896
3127	0.619511	0.754948
3128	0.618574	0.762240
3129	0.614936	0.755990
3130	0.616569	0.759375
3131	0.618829	0.761198
3132	0.620986	0.753646
3133	0.620894	0.757552
3134	0.616622	0.757812
3135	0.617710	0.754427
3136	0.623308	0.750781
3137	0.630371	0.754427
3138	0.614661	0.763021
3139	0.615983	0.757552
3140	0.615144	0.755208
3141	0.622170	0.754948
3142	0.619709	0.756510
3143	0.610943	0.764844
3144	0.618509	0.752344
3145	0.620830	0.754167
3146	0.623253	0.754948
3147	0.619266	0.751823
3148	0.615240	0.759375
3149	0.617888	0.758594
3150	0.625556	0.759635
3151	0.620826	0.758594
3152	0.616538	0.759635
3153	0.610678	0.755208
3154	0.625952	0.754167
3155	0.614865	0.758854
3156	0.622800	0.756510
3157	0.617871	0.760417
3158	0.625046	0.754948
3159	0.624216	0.751562
3160	0.620963	0.754948
3161	0.619754	0.755208
3162	0.609616	0.760417
3163	0.618952	0.762240
3164	0.614879	0.763542
3165	0.613250	0.763802
3166	0.614049	0.763542
3167	0.623159	0.755729
3168	0.615273	0.747917
3169	0.620173	0.756250
3170	0.612051	0.757292
3171	0.613990	0.759635
3172	0.628961	0.752083
3173	0.622411	0.753125
3174	0.620390	0.755469
3175	0.617671	0.757812
3176	0.613655	0.756510
3177	0.612046	0.760677
3178	0.619892	0.755729
3179	0.618147	0.752604
3180	0.617297	0.755990
3181	0.621371	0.758073
3182	0.613376	0.759896
3183	0.614864	0.753385
3184	0.619033	0.760677
3185	0.613716	0.761719
3186	0.615674	0.755729
3187	0.622714	0.757552
3188	0.620405	0.761198
3189	0.616587	0.761198
3190	0.622486	0.755208
3191	0.621454	0.751823
3192	0.613615	0.761198
3193	0.613011	0.757552
3194	0.615506	0.758594
3195	0.616920	0.762500
3196	0.610795	0.757812
3197	0.616188	0.763281
3198	0.621310	0.753646
3199	0.615668	0.755208
3200	0.616536	0.756771
3201	0.612316	0.760417
3202	0.621174	0.755469
3203	0.617550	0.757031
3204	0.627127	0.757812
3205	0.612285	0.755208
3206	0.620037	0.753906
3207	0.618540	0.759115
3208	0.627140	0.752344
3209	0.616375	0.758854
3210	0.621701	0.755990
3211	0.619887	0.759635
3212	0.617613	0.753385
3213	0.617761	0.752344
3214	0.622377	0.751042
3215	0.611677	0.761198
3216	0.612851	0.760417
3217	0.615368	0.756771
3218	0.606677	0.755469
3219	0.617257	0.754687
3220	0.617853	0.758073
3221	0.613779	0.756510
3222	0.615804	0.760938
3223	0.621844	0.746094
3224	0.618578	0.755729
3225	0.622383	0.749219
3226	0.609582	0.759635
3227	0.615166	0.755729
3228	0.617142	0.756510
3229	0.616821	0.752344
3230	0.622346	0.756771
3231	0.621484	0.757292
3232	0.622297	0.753646
3233	0.620845	0.751562
3234	0.621296	0.751042
3235	0.614969	0.757812
3236	0.625454	0.754167
3237	0.616870	0.755469
3238	0.615265	0.756771
3239	0.616624	0.750781
3240	0.616945	0.759115
3241	0.613264	0.758333
3242	0.614047	0.760938
3243	0.615227	0.755990
3244	0.612733	0.758854
3245	0.623185	0.753125
3246	0.611375	0.757292
3247	0.617598	0.755990
3248	0.614335	0.758333
3249	0.611083	0.762240
3250	0.610519	0.757292
3251	0.610763	0.759896
3252	0.616441	0.758073
3253	0.619824	0.757292
3254	0.620204	0.750260
3255	0.605301	0.760417
3256	0.613643	0.756771
3257	0.620269	0.752083
3258	0.614082	0.757552
3259	0.612031	0.754427
3260	0.615374	0.757031
3261	0.613786	0.754687
3262	0.617335	0.754687
3263	0.609135	0.757552
3264	0.616648	0.754687
3265	0.617064	0.759375
3266	0.615917	0.756771
3267	0.618625	0.748438
3268	0.616408	0.757292
3269	0.616084	0.759635
3270	0.620653	0.758594
3271	0.611278	0.763802
3272	0.624478	0.751823
3273	0.621441	0.757552
3274	0.617159	0.755990
3275	0.615966	0.757812
3276	0.614246	0.754948
3277	0.613190	0.763021
3278	0.619854	0.752083
3279	0.615032	0.757031
3280	0.610314	0.760677
3281	0.610911	0.761719
3282	0.619967	0.755208
3283	0.614372	0.757031
3284	0.616834	0.754167
3285	0.617705	0.753385
3286	0.621223	0.754167
3287	0.619062	0.758333
3288	0.619735	0.754167
3289	0.619470	0.759896
3290	0.609745	0.760156
3291	0.612614	0.758854
3292	0.611597	0.760156
3293	0.611450	0.758854
3294	0.611487	0.757292
3295	0.613964	0.755990
3296	0.621169	0.759115
3297	0.616550	0.752865
3298	0.607826	0.760938
3299	0.623705	0.748438
3300	0.619066	0.757292
3301	0.622029	0.755208
3302	0.613253	0.749219
3303	0.602337	0.758333
3304	0.610700	0.755990
3305	0.625190	0.755208
3306	0.615830	0.757552
3307	0.615876	0.753906
3308	0.620033	0.753906
3309	0.612364	0.750521
3310	0.609086	0.763802
3311	0.618707	0.759115
3312	0.613813	0.756771
3313	0.607814	0.756250
3314	0.612421	0.760417
3315	0.615688	0.754948
3316	0.620545	0.753906
3317	0.616035	0.757552
3318	0.610742	0.763021
3319	0.610867	0.756250
3320	0.617704	0.757552
3321	0.617776	0.754687
3322	0.618265	0.754427
3323	0.617972	0.755729
3324	0.614097	0.760156
3325	0.618054	0.753125
3326	0.621476	0.756250
3327	0.618447	0.755729
3328	0.617045	0.755990
3329	0.607648	0.760938
3330	0.613197	0.750781
3331	0.610538	0.760156
3332	0.614413	0.758854
3333	0.613880	0.758594
3334	0.622970	0.762760
3335	0.619962	0.756771
3336	0.617253	0.754687
3337	0.613636	0.751823
3338	0.612621	0.760938
3339	0.616722	0.758333
3340	0.617646	0.758073
3341	0.618677	0.755729
3342	0.623913	0.754427
3343	0.613298	0.763802
3344	0.614235	0.759896
3345	0.611162	0.758333
3346	0.613041	0.757292
3347	0.611442	0.763542
3348	0.613768	0.755469
3349	0.612222	0.758854
3350	0.609403	0.761198
3351	0.617760	0.757031
3352	0.620377	0.756510
3353	0.614061	0.757292
3354	0.620698	0.757292
3355	0.604600	0.764844
3356	0.612249	0.758854
3357	0.614811	0.758333
3358	0.612176	0.756771
3359	0.603008	0.762500
3360	0.611834	0.757812
3361	0.608492	0.761719
3362	0.609483	0.756771
3363	0.616869	0.753646
3364	0.615093	0.754427
3365	0.612601	0.755208
3366	0.608838	0.761979
3367	0.621678	0.755990
3368	0.618706	0.756771
3369	0.622147	0.758854
3370	0.611777	0.757812
3371	0.612807	0.757292
3372	0.617443	0.753906
3373	0.611054	0.765885
3374	0.616169	0.756510
3375	0.607907	0.761458
3376	0.605451	0.757812
3377	0.618369	0.758073
3378	0.615558	0.758073
3379	0.612317	0.761198
3380	0.617182	0.756250
3381	0.614245	0.760417
3382	0.607206	0.762240
3383	0.611745	0.758854
3384	0.615004	0.762760
3385	0.611124	0.759635
3386	0.614974	0.763021
3387	0.620492	0.755990
3388	0.615479	0.754948
3389	0.612830	0.757292
3390	0.613364	0.760677
3391	0.615987	0.757812
3392	0.612469	0.755990
3393	0.611387	0.757292
3394	0.617080	0.757031
3395	0.621353	0.754948
3396	0.620548	0.755990
3397	0.610530	0.751302
3398	0.611609	0.760677
3399	0.611034	0.764844
3400	0.613329	0.754427
3401	0.613635	0.756250
3402	0.610867	0.758073
3403	0.610748	0.758854
3404	0.611805	0.758854
3405	0.610505	0.755208
3406	0.609724	0.759115
3407	0.617242	0.755208
3408	0.617176	0.755469
3409	0.617462	0.760677
3410	0.614443	0.761979
3411	0.615641	0.755990
3412	0.605374	0.763281
3413	0.608304	0.762500
3414	0.608817	0.760938
3415	0.612966	0.756771
3416	0.623747	0.754948
3417	0.616878	0.756250
3418	0.616389	0.759635
3419	0.608523	0.758594
3420	0.615290	0.755729
3421	0.611519	0.755469
3422	0.613083	0.757292
3423	0.617756	0.758333
3424	0.609524	0.758073
3425	0.619035	0.754427
3426	0.612250	0.759896
3427	0.615320	0.756771
3428	0.616703	0.761458
3429	0.616669	0.760417
3430	0.606893	0.758854
3431	0.604897	0.759635
3432	0.610360	0.766927
3433	0.613837	0.754427
3434	0.612537	0.756510
3435	0.611982	0.760938
3436	0.609262	0.766927
3437	0.606342	0.759375
3438	0.618130	0.756510
3439	0.614775	0.757552
3440	0.609161	0.766667
3441	0.611945	0.759115
3442	0.613689	0.760417
3443	0.610919	0.758333
3444	0.614366	0.763542
3445	0.610822	0.765365
3446	0.613119	0.754948
3447	0.608576	0.763021
3448	0.613439	0.760417
3449	0.609652	0.754948
3450	0.609744	0.758594
3451	0.611880	0.759115
3452	0.612135	0.757812
3453	0.611981	0.758333
3454	0.617956	0.753125
3455	0.605788	0.764063
3456	0.615065	0.756250
3457	0.612211	0.761458
3458	0.609580	0.759896
3459	0.616132	0.753385
3460	0.612872	0.765625
3461	0.604425	0.759635
3462	0.614942	0.757552
3463	0.612666	0.762500
3464	0.605138	0.756771
3465	0.609002	0.765625
3466	0.607746	0.764323
3467	0.616850	0.756771
3468	0.614559	0.759375
3469	0.622996	0.754687
3470	0.623904	0.754167
3471	0.608616	0.762240
3472	0.613397	0.757552
3473	0.614962	0.763281
3474	0.601641	0.762240
3475	0.611019	0.758854
3476	0.612679	0.763281
3477	0.610913	0.757031
3478	0.607610	0.761458
3479	0.615818	0.754948
3480	0.611010	0.760938
3481	0.606745	0.759896
3482	0.612168	0.759375
3483	0.620641	0.756771
3484	0.618897	0.756250
3485	0.605524	0.756250
3486	0.605340	0.763281
3487	0.606686	0.760417
3488	0.608603	0.756510
3489	0.607119	0.759115
3490	0.607515	0.763542
3491	0.608191	0.758594
3492	0.617648	0.761458
3493	0.607599	0.766406
3494	0.613007	0.753906
3495	0.610497	0.757031
3496	0.607516	0.759896
3497	0.607710	0.756771
3498	0.604022	0.761719
3499	0.608338	0.758333
3500	0.601135	0.765885
3501	0.605783	0.761979
3502	0.616103	0.758594
3503	0.606144	0.764063
3504	0.614451	0.761458
3505	0.606504	0.754948
3506	0.610433	0.760938
3507	0.618171	0.754427
3508	0.610283	0.760156
3509	0.610865	0.761458
3510	0.609320	0.765104
3511	0.616435	0.753906
3512	0.603790	0.755208
3513	0.607954	0.760938
3514	0.604597	0.759635
3515	0.609407	0.755990
3516	0.620161	0.757812
3517	0.607536	0.758854
3518	0.611922	0.758854
3519	0.618607	0.757812
3520	0.618327	0.760938
3521	0.611287	0.759896
3522	0.616886	0.754948
3523	0.605814	0.762500
3524	0.603555	0.759896
3525	0.615731	0.755990
3526	0.608019	0.762760
3527	0.614170	0.757031
3528	0.601778	0.760156
3529	0.613880	0.760938
3530	0.607559	0.755990
3531	0.605703	0.761458
3532	0.605165	0.762240
3533	0.609931	0.763021
3534	0.610537	0.756771
3535	0.617703	0.758073
3536	0.606793	0.763542
3537	0.602794	0.762240
3538	0.610971	0.767708
3539	0.602019	0.763021
3540	0.609696	0.757812
3541	0.607733	0.759896
3542	0.610444	0.760938
3543	0.618854	0.761198
3544	0.618809	0.760938
3545	0.604490	0.764063
3546	0.603861	0.760417
3547	0.607026	0.764063
3548	0.606754	0.761979
3549	0.612482	0.761979
3550	0.614662	0.757031
3551	0.608397	0.767187
3552	0.607100	0.763542
3553	0.604161	0.759375
3554	0.600614	0.763802
3555	0.611875	0.759115
3556	0.607108	0.766406
3557	0.603722	0.764063
3558	0.606442	0.758594
3559	0.611735	0.759375
3560	0.620084	0.754167
3561	0.611289	0.756250
3562	0.613685	0.756771
3563	0.607887	0.760417
3564	0.605289	0.764844
3565	0.609081	0.764323
3566	0.610733	0.751302
3567	0.607335	0.768229
3568	0.612129	0.758073
3569	0.613771	0.756510
3570	0.608094	0.760417
3571	0.609006	0.759896
3572	0.608082	0.763802
3573	0.610572	0.758594
3574	0.605241	0.757812
3575	0.612121	0.759635
3576	0.608130	0.759115
3577	0.609113	0.754687
3578	0.613817	0.765885
3579	0.618206	0.757031
3580	0.605926	0.762760
3581	0.601795	0.770573
3582	0.604827	0.762500
3583	0.605541	0.761458
3584	0.606851	0.759896
3585	0.606774	0.764063
3586	0.611114	0.757031
3587	0.609670	0.760938
3588	0.612093	0.756771
3589	0.605707	0.756250
3590	0.605161	0.758594
3591	0.610550	0.759375
3592	0.610066	0.754948
3593	0.614393	0.757552
3594	0.616007	0.754427
3595	0.612699	0.761458
3596	0.610156	0.761979
3597	0.605530	0.766667
3598	0.603587	0.767448
3599	0.608320	0.759635
3600	0.603449	0.766667
3601	0.608774	0.764323
3602	0.609822	0.756510
3603	0.606308	0.759375
3604	0.608285	0.765104
3605	0.605109	0.761198
3606	0.609388	0.761458
3607	0.615814	0.759635
3608	0.614173	0.753385
3609	0.607966	0.758073
3610	0.603255	0.764844
3611	0.610024	0.763802
3612	0.607242	0.761458
3613	0.614663	0.756510
3614	0.606816	0.764844
3615	0.609493	0.757292
3616	0.611837	0.761198
