########

## 	Model: GRRU with N=100

########

1	2.342169	0.006179
2	2.233924	0.005256
3	2.164665	0.005078
4	2.107446	0.042294
5	2.057450	0.262749
6	2.011315	0.413104
7	1.964266	0.485156
8	1.924639	0.541016
9	1.895576	0.571591
10	1.866092	0.596768
11	1.845507	0.612962
12	1.817712	0.631321
13	1.796868	0.643146
14	1.781003	0.657919
15	1.764018	0.667756
16	1.748045	0.681037
17	1.728696	0.689773
18	1.719221	0.700497
19	1.703911	0.706108
20	1.688600	0.716761
21	1.677631	0.723509
22	1.665837	0.729084
23	1.654605	0.738317
24	1.641691	0.743075
25	1.633963	0.747976
26	1.619265	0.754581
27	1.609431	0.760547
28	1.599659	0.766371
29	1.590718	0.769212
30	1.578356	0.775604
31	1.567913	0.779048
32	1.558865	0.784268
33	1.548943	0.789311
34	1.538958	0.795384
35	1.529994	0.799929
36	1.517531	0.806037
37	1.507635	0.810653
38	1.497297	0.813885
39	1.486760	0.818857
40	1.474374	0.823331
41	1.462900	0.832457
42	1.453451	0.839560
43	1.443123	0.844744
44	1.432813	0.853835
45	1.423444	0.857244
46	1.413911	0.868253
47	1.403082	0.873615
48	1.392245	0.877521
49	1.382894	0.880185
50	1.373371	0.882528
51	1.363630	0.885511
52	1.352974	0.887464
53	1.341559	0.888636
54	1.329716	0.890945
55	1.319404	0.891832
56	1.305950	0.893004
57	1.295658	0.896875
58	1.281046	0.897479
59	1.267397	0.901669
60	1.255364	0.901634
61	1.241308	0.903125
62	1.224777	0.906357
63	1.210119	0.907386
64	1.192551	0.907564
65	1.171787	0.909943
66	1.141887	0.912784
67	1.116320	0.912820
68	1.081524	0.915128
69	1.044931	0.916406
70	1.013322	0.918004
71	0.976879	0.919176
72	0.944460	0.921236
73	0.921908	0.923722
74	0.902093	0.927592
75	0.884723	0.927557
76	0.863083	0.928445
77	0.841624	0.929084
78	0.824155	0.930930
79	0.807764	0.933949
80	0.793461	0.938317
81	0.781484	0.939062
82	0.769230	0.939879
83	0.758850	0.941300
84	0.746649	0.945135
85	0.735128	0.946200
86	0.723923	0.945526
87	0.714494	0.947443
88	0.703658	0.948118
89	0.693673	0.950391
90	0.680882	0.951349
91	0.673351	0.952202
92	0.661616	0.951385
93	0.650187	0.953054
94	0.640711	0.953551
95	0.629863	0.953693
96	0.618576	0.953729
97	0.607137	0.954368
98	0.595405	0.954261
99	0.580653	0.954403
100	0.564800	0.954155
101	0.543251	0.954510
102	0.527323	0.954545
103	0.515794	0.954545
104	0.505702	0.954545
105	0.495834	0.954545
106	0.487971	0.954545
107	0.480974	0.954545
108	0.473329	0.954545
109	0.464424	0.954545
110	0.456237	0.954545
111	0.450450	0.954545
112	0.445255	0.954545
113	0.440067	0.954545
114	0.434446	0.954545
115	0.429433	0.954545
116	0.422694	0.954545
117	0.417921	0.954545
118	0.413525	0.954545
119	0.407896	0.954545
120	0.404275	0.954545
121	0.399573	0.954545
122	0.396528	0.954545
123	0.392887	0.954545
124	0.386299	0.954545
125	0.383079	0.954545
126	0.379281	0.954545
127	0.378336	0.954545
128	0.371358	0.954545
129	0.366837	0.954545
130	0.361948	0.954545
131	0.358930	0.954545
132	0.354827	0.954545
133	0.353719	0.954545
134	0.355527	0.954545
135	0.352257	0.954545
136	0.342240	0.954545
137	0.341346	0.954545
138	0.336775	0.954545
139	0.336809	0.954545
140	0.331656	0.954545
141	0.332827	0.954545
142	0.325711	0.954545
143	0.321749	0.954545
144	0.318752	0.954545
145	0.322140	0.954545
146	0.313719	0.954545
147	0.310044	0.954545
148	0.306880	0.954545
149	0.305706	0.954545
150	0.306019	0.954545
151	0.304203	0.954545
152	0.299956	0.954545
153	0.293484	0.954545
154	0.288049	0.954545
155	0.287834	0.954545
156	0.289183	0.954545
157	0.282471	0.954545
158	0.279518	0.954545
159	0.291617	0.954545
160	0.286520	0.954545
161	0.281261	0.954545
162	0.273181	0.954545
163	0.272388	0.954545
164	0.273840	0.954545
165	0.278041	0.954545
166	0.277039	0.954545
167	0.271688	0.954545
168	0.267117	0.954545
169	0.268375	0.954545
170	0.263337	0.954545
171	0.265686	0.954545
172	0.268487	0.954545
173	0.259395	0.954545
174	0.255669	0.954545
175	0.254037	0.954545
176	0.253535	0.954545
177	0.257975	0.954545
178	0.262405	0.954545
179	0.251137	0.954545
180	0.245603	0.954545
181	0.244693	0.954545
182	0.250687	0.954545
183	0.251888	0.954545
184	0.255655	0.954545
185	0.242906	0.954545
186	0.241124	0.954545
187	0.238197	0.954545
188	0.243854	0.954545
189	0.249531	0.954545
190	0.241623	0.954545
191	0.247353	0.954545
192	0.240987	0.954545
193	0.237311	0.954545
194	0.238542	0.954545
195	0.229867	0.954545
196	0.228903	0.954545
197	0.228790	0.954545
198	0.226171	0.954545
199	0.230646	0.954545
200	0.239891	0.954545
201	0.232805	0.954545
202	0.224195	0.954545
203	0.226947	0.954545
204	0.238948	0.954545
205	0.229620	0.954545
206	0.221169	0.954545
207	0.220517	0.954545
208	0.224398	0.954545
209	0.221448	0.954545
210	0.219540	0.954545
211	0.219203	0.954545
212	0.231763	0.954545
213	0.215377	0.954545
214	0.208163	0.954545
215	0.217020	0.954545
216	0.225970	0.954545
217	0.219258	0.954545
218	0.208576	0.954545
219	0.206982	0.954545
220	0.215605	0.954545
221	0.215373	0.954545
222	0.209060	0.954545
223	0.210642	0.954545
224	0.215246	0.954545
225	0.204329	0.954545
226	0.207000	0.954545
227	0.207907	0.954545
228	0.210661	0.954545
229	0.199448	0.954545
230	0.200920	0.954545
231	0.205851	0.954545
232	0.204962	0.954545
233	0.201713	0.954545
234	0.198505	0.954545
235	0.198360	0.954545
236	0.204415	0.954545
237	0.195368	0.954545
238	0.191755	0.954545
239	0.199832	0.954545
240	0.203184	0.954545
241	0.188336	0.954545
242	0.184791	0.954545
243	0.183745	0.954545
244	0.188741	0.954545
245	0.199240	0.954545
246	0.217277	0.954545
247	0.181222	0.954545
248	0.180020	0.954545
249	0.178263	0.954545
250	0.177183	0.954545
251	0.179717	0.954545
252	0.196584	0.954545
253	0.224114	0.954545
254	0.180708	0.954545
255	0.177365	0.954545
256	0.174821	0.954545
257	0.175303	0.954545
258	0.173082	0.954545
259	0.170401	0.954545
260	0.170307	0.954545
261	0.173241	0.954545
262	0.200330	0.954545
263	0.188053	0.954545
264	0.178405	0.954545
265	0.171070	0.954545
266	0.190575	0.954545
267	0.192802	0.954545
268	0.191750	0.954545
269	0.174663	0.954545
270	0.168012	0.954545
271	0.165018	0.954545
272	0.173427	0.954545
273	0.177888	0.954545
274	0.181840	0.954545
275	0.169556	0.954545
276	0.165769	0.954545
277	0.162909	0.954545
278	0.171293	0.954545
279	0.164070	0.954545
280	0.156008	0.954545
281	0.152117	0.954545
282	0.151591	0.954545
283	0.153239	0.954545
284	0.164497	0.954545
285	0.180281	0.954545
286	0.157995	0.954545
287	0.152197	0.954545
288	0.143667	0.954545
289	0.144147	0.954545
290	0.148043	0.954545
291	0.145136	0.954545
292	0.147009	0.954545
293	0.154478	0.954545
294	0.144315	0.954545
295	0.145774	0.954545
296	0.140960	0.954545
297	0.141213	0.954545
298	0.138827	0.954545
299	0.130555	0.954545
300	0.130081	0.954545
301	0.130589	0.954545
302	0.134516	0.954545
303	0.128774	0.954545
304	0.126447	0.954687
305	0.126175	0.954545
306	0.126817	0.955256
307	0.123239	0.954545
308	0.123630	0.957138
309	0.124419	0.954545
310	0.124030	0.957138
311	0.119839	0.955007
312	0.119967	0.957884
313	0.117124	0.956534
314	0.119824	0.958310
315	0.115343	0.957564
316	0.115085	0.959659
317	0.114981	0.958913
318	0.114601	0.959979
319	0.113031	0.960050
320	0.112694	0.960476
321	0.111907	0.959624
322	0.111127	0.959446
323	0.110975	0.959624
324	0.109735	0.958913
325	0.109471	0.959197
326	0.108641	0.961009
327	0.107997	0.960831
328	0.108678	0.959588
329	0.107114	0.962145
330	0.106976	0.959979
331	0.106041	0.961151
332	0.106081	0.960973
333	0.105620	0.959659
334	0.105257	0.961151
335	0.104426	0.960121
336	0.104157	0.961506
337	0.104010	0.959517
338	0.103317	0.960476
339	0.102424	0.961896
340	0.102344	0.961257
341	0.102761	0.961470
342	0.102917	0.960476
343	0.102119	0.961577
344	0.101650	0.961577
345	0.102502	0.960938
346	0.101317	0.960476
347	0.101694	0.961009
348	0.100968	0.962393
349	0.101420	0.961186
350	0.100944	0.961896
351	0.100967	0.960405
352	0.100747	0.961577
353	0.101100	0.961506
354	0.100859	0.961364
355	0.100871	0.960866
356	0.100575	0.961612
357	0.101170	0.961754
358	0.099743	0.961896
359	0.099742	0.962820
360	0.099091	0.961541
361	0.099417	0.962251
362	0.099496	0.963210
363	0.099791	0.961754
364	0.098534	0.962855
365	0.098913	0.962180
366	0.098342	0.962358
367	0.098752	0.962429
368	0.098923	0.960689
369	0.100200	0.962393
370	0.099316	0.960831
371	0.098797	0.961257
372	0.097902	0.962251
373	0.097230	0.962997
374	0.097399	0.963423
375	0.097508	0.962500
376	0.098193	0.961470
377	0.098243	0.961399
378	0.098297	0.961683
379	0.099706	0.962891
380	0.099959	0.961364
381	0.098669	0.962358
382	0.097411	0.962038
383	0.097042	0.963175
384	0.097040	0.962358
385	0.096942	0.962678
386	0.097114	0.962429
387	0.097590	0.962003
388	0.097283	0.962962
389	0.096945	0.962074
390	0.096434	0.963210
391	0.097063	0.962358
392	0.097216	0.961861
393	0.096641	0.963459
394	0.096054	0.963033
395	0.096066	0.963672
396	0.096199	0.963494
397	0.095703	0.963352
398	0.095671	0.963672
399	0.096930	0.961115
400	0.097461	0.961470
401	0.095079	0.963459
402	0.095723	0.963459
403	0.096770	0.962393
404	0.095559	0.962393
405	0.095086	0.964382
406	0.094707	0.963317
407	0.095139	0.964063
408	0.095023	0.963601
409	0.095432	0.963778
410	0.095459	0.961967
411	0.095850	0.963139
412	0.094737	0.963388
413	0.094958	0.963388
414	0.095297	0.963459
415	0.094012	0.964524
416	0.094000	0.964489
417	0.094487	0.963920
418	0.096766	0.962251
419	0.095105	0.963139
420	0.095480	0.962997
421	0.095175	0.963104
422	0.093699	0.964169
423	0.094473	0.964631
424	0.093177	0.964169
425	0.093606	0.963920
426	0.093578	0.964240
427	0.092838	0.964276
428	0.093297	0.964276
429	0.093691	0.963565
430	0.093605	0.964098
431	0.092341	0.964915
432	0.092760	0.964950
433	0.097900	0.961435
434	0.095620	0.962926
435	0.092942	0.965661
436	0.093286	0.964311
437	0.092384	0.965518
438	0.092329	0.964844
439	0.092374	0.965376
440	0.092585	0.964737
441	0.092917	0.963885
442	0.094260	0.963068
443	0.092233	0.964631
444	0.091848	0.964915
445	0.092045	0.965128
446	0.092111	0.965554
447	0.093253	0.964205
448	0.094097	0.964063
449	0.093652	0.964489
450	0.091948	0.964844
451	0.092050	0.965412
452	0.092184	0.964950
453	0.092363	0.964418
454	0.092199	0.964737
455	0.091766	0.964950
456	0.093509	0.964382
457	0.092554	0.964205
458	0.093131	0.963246
459	0.091167	0.965305
460	0.091664	0.965199
461	0.092001	0.965163
462	0.090880	0.966051
463	0.091390	0.964737
464	0.091329	0.965305
465	0.091592	0.965057
466	0.091629	0.964595
467	0.092230	0.965732
468	0.090435	0.965696
469	0.090665	0.965625
470	0.091004	0.965057
471	0.092179	0.965021
472	0.092153	0.963104
473	0.090206	0.966477
474	0.091236	0.964950
475	0.090664	0.965412
476	0.092129	0.964063
477	0.092278	0.964737
478	0.090467	0.965376
479	0.092048	0.964986
480	0.093338	0.964524
481	0.091626	0.964311
482	0.090325	0.965518
483	0.091040	0.965696
484	0.089068	0.966726
485	0.089645	0.965767
486	0.090999	0.964595
487	0.089870	0.965412
488	0.089729	0.966442
489	0.090676	0.964489
490	0.090756	0.965518
491	0.090312	0.965270
492	0.090946	0.964347
493	0.090211	0.964560
494	0.090776	0.964666
495	0.092189	0.965732
496	0.090104	0.965447
497	0.090216	0.964808
498	0.090017	0.965305
499	0.089062	0.966229
500	0.089308	0.965341
501	0.090527	0.964950
502	0.091307	0.964879
503	0.089405	0.965696
504	0.088958	0.966548
505	0.089807	0.965838
506	0.092449	0.963956
507	0.089296	0.965625
508	0.089323	0.965554
509	0.088674	0.966406
510	0.089444	0.965447
511	0.090501	0.965128
512	0.090002	0.965234
513	0.088467	0.966939
514	0.088839	0.966016
515	0.089698	0.965980
516	0.090712	0.965341
517	0.090204	0.965305
518	0.088392	0.966442
519	0.087928	0.966122
520	0.088749	0.966584
521	0.087990	0.966832
522	0.089038	0.965199
523	0.089962	0.965767
524	0.091304	0.965199
525	0.089006	0.965838
526	0.090912	0.964382
527	0.089469	0.965732
528	0.088556	0.966371
529	0.087674	0.967010
530	0.087585	0.966335
531	0.088422	0.965980
532	0.088233	0.966406
533	0.088058	0.966371
534	0.088826	0.966371
535	0.087915	0.966158
536	0.088023	0.966229
537	0.088426	0.965483
538	0.089774	0.965163
539	0.090468	0.963814
540	0.091239	0.965625
541	0.087762	0.966122
542	0.086286	0.967720
543	0.089183	0.965270
544	0.089954	0.965021
545	0.088284	0.965305
546	0.087846	0.966371
547	0.087379	0.966016
548	0.086964	0.966690
549	0.087579	0.966655
550	0.087907	0.966193
551	0.088866	0.965909
552	0.087274	0.967365
553	0.087385	0.966584
554	0.087497	0.967010
555	0.089119	0.966300
556	0.088158	0.965696
557	0.087771	0.966264
558	0.087212	0.966868
559	0.088197	0.966513
560	0.089389	0.965270
561	0.088140	0.965980
562	0.088548	0.965270
563	0.086604	0.967259
564	0.087752	0.966087
565	0.088383	0.965732
566	0.085863	0.967294
567	0.087188	0.965447
568	0.087700	0.966548
569	0.088387	0.965874
570	0.089741	0.964879
571	0.087598	0.966229
572	0.088253	0.966655
573	0.086766	0.966619
574	0.087200	0.966406
575	0.087791	0.966087
576	0.088609	0.965270
577	0.086720	0.966655
578	0.087541	0.965625
579	0.086554	0.966655
580	0.086629	0.966655
581	0.086561	0.966300
582	0.087355	0.966442
583	0.087389	0.966797
584	0.088208	0.965732
585	0.086999	0.966371
586	0.086503	0.967188
587	0.086805	0.966832
588	0.087563	0.967045
589	0.086828	0.966939
590	0.085923	0.966584
591	0.087724	0.966229
592	0.086270	0.966193
593	0.087227	0.965838
594	0.087095	0.966619
595	0.086203	0.966584
596	0.087164	0.966300
597	0.088221	0.966193
598	0.087515	0.966229
599	0.087108	0.966300
600	0.087950	0.965661
601	0.086763	0.966300
602	0.087208	0.965803
603	0.086871	0.966797
604	0.086952	0.966442
605	0.086943	0.966193
606	0.086423	0.966832
607	0.086478	0.966229
608	0.086252	0.966016
609	0.086504	0.966761
610	0.086076	0.966406
611	0.086480	0.966442
612	0.087481	0.965909
613	0.086777	0.966335
614	0.087025	0.966690
615	0.087099	0.965554
616	0.087787	0.966158
617	0.086828	0.965661
618	0.086294	0.967436
619	0.085637	0.967116
620	0.087277	0.966406
621	0.088638	0.965838
622	0.086628	0.966548
623	0.085968	0.966477
624	0.086461	0.966371
625	0.085970	0.966655
626	0.086005	0.966513
627	0.085420	0.966832
628	0.085244	0.967259
629	0.085050	0.967116
630	0.085414	0.967152
631	0.086050	0.966939
632	0.088932	0.966264
633	0.086580	0.966726
634	0.085048	0.967507
635	0.085714	0.967081
636	0.086383	0.966300
637	0.086649	0.966300
638	0.086081	0.966158
639	0.085882	0.966477
640	0.084846	0.967365
641	0.084737	0.967401
642	0.089697	0.965234
643	0.086095	0.965945
644	0.085634	0.966761
645	0.086481	0.967045
646	0.086229	0.966548
647	0.086434	0.966584
648	0.085015	0.967045
649	0.085606	0.966797
650	0.084941	0.967081
651	0.085525	0.966903
652	0.085465	0.967152
653	0.088040	0.965980
654	0.083542	0.968004
655	0.084686	0.967010
656	0.084665	0.967294
657	0.085579	0.967188
658	0.085435	0.966442
659	0.085815	0.966371
660	0.085182	0.967081
661	0.086053	0.965980
662	0.086036	0.967330
663	0.085522	0.966619
664	0.086056	0.966584
665	0.085166	0.966903
666	0.085536	0.966726
667	0.086144	0.966690
668	0.084627	0.966300
669	0.084548	0.967294
670	0.085925	0.966122
671	0.085392	0.966726
672	0.085089	0.967152
673	0.084386	0.966797
674	0.084569	0.966655
675	0.086394	0.966229
676	0.085661	0.966477
677	0.085890	0.967223
678	0.085290	0.967436
679	0.085658	0.966655
680	0.084586	0.966513
681	0.084346	0.967933
682	0.085563	0.966939
683	0.084420	0.967116
684	0.083763	0.967330
685	0.085487	0.966974
686	0.084746	0.967436
687	0.086555	0.966690
688	0.086341	0.966655
689	0.084736	0.967365
690	0.085229	0.967543
691	0.085454	0.967081
692	0.085258	0.967188
693	0.084085	0.967401
694	0.083755	0.967507
695	0.084234	0.967259
696	0.083967	0.967365
697	0.083447	0.966974
698	0.083650	0.967436
699	0.086194	0.965980
700	0.086328	0.966016
701	0.086739	0.965945
702	0.085841	0.966797
703	0.084630	0.966797
704	0.083236	0.968324
705	0.085919	0.966690
706	0.084663	0.966939
707	0.085169	0.966548
708	0.084276	0.967294
709	0.084666	0.966939
710	0.084807	0.966548
711	0.085123	0.966548
712	0.085371	0.966655
713	0.084854	0.966832
714	0.085823	0.966513
715	0.084284	0.967720
716	0.084464	0.967543
717	0.084533	0.966477
718	0.083535	0.967330
719	0.086077	0.966406
720	0.084978	0.967188
721	0.084021	0.967720
722	0.084880	0.966903
723	0.084570	0.967116
724	0.084059	0.967045
725	0.083570	0.967294
726	0.083458	0.967933
727	0.085241	0.966335
728	0.084967	0.966229
729	0.084403	0.967152
730	0.082903	0.967365
731	0.083969	0.967401
732	0.085059	0.966726
733	0.084739	0.967401
734	0.085196	0.966868
735	0.086404	0.966229
736	0.083565	0.967259
737	0.083482	0.966939
738	0.084766	0.967330
739	0.086201	0.966371
740	0.084196	0.967791
741	0.084323	0.966832
742	0.083166	0.967188
743	0.083276	0.967791
744	0.083923	0.966584
745	0.084103	0.967045
746	0.085401	0.966442
747	0.085250	0.966584
748	0.084322	0.966264
749	0.085308	0.967081
750	0.084509	0.966584
751	0.085111	0.966832
752	0.083185	0.967862
753	0.083875	0.966548
754	0.082540	0.967294
755	0.082732	0.967223
756	0.082765	0.968111
757	0.084745	0.966584
758	0.084299	0.967010
759	0.083851	0.967614
760	0.085032	0.966619
761	0.084328	0.966832
762	0.083684	0.967223
763	0.084336	0.967010
764	0.084951	0.966939
765	0.083994	0.967223
766	0.083403	0.967507
767	0.084456	0.967116
768	0.085178	0.967045
769	0.085133	0.966229
770	0.084497	0.967223
771	0.084020	0.967436
772	0.082591	0.967791
773	0.083460	0.967152
774	0.081730	0.968359
775	0.083458	0.966300
776	0.083558	0.967827
777	0.083306	0.967614
778	0.083996	0.967614
779	0.086561	0.966406
780	0.085850	0.966442
781	0.082938	0.967578
782	0.084301	0.966584
783	0.084253	0.966903
784	0.084518	0.966761
785	0.083243	0.966690
786	0.083777	0.966406
787	0.083372	0.967330
788	0.083117	0.967933
789	0.082612	0.966903
790	0.084053	0.967045
791	0.083683	0.966832
792	0.083552	0.967116
793	0.083820	0.967223
794	0.082784	0.967791
795	0.083906	0.966903
796	0.082964	0.967756
797	0.082555	0.968359
798	0.082825	0.967365
799	0.082429	0.967969
800	0.082169	0.968075
801	0.082402	0.967649
802	0.084474	0.966797
803	0.084065	0.967294
804	0.083980	0.966655
805	0.083539	0.967401
806	0.083396	0.967081
807	0.084539	0.967259
808	0.085398	0.966442
809	0.083172	0.967152
810	0.082734	0.968288
811	0.082366	0.967862
812	0.082786	0.966797
813	0.082703	0.967685
814	0.084291	0.966442
815	0.085115	0.966619
816	0.084889	0.967116
817	0.082546	0.967898
818	0.083212	0.967472
819	0.083762	0.966832
820	0.085330	0.966797
821	0.083206	0.967649
822	0.082791	0.967543
823	0.081952	0.967933
824	0.082491	0.967862
825	0.083314	0.966655
826	0.083011	0.967330
827	0.082696	0.967436
828	0.082065	0.966832
829	0.083063	0.967401
830	0.082595	0.967436
831	0.085032	0.966371
832	0.083945	0.967259
833	0.083902	0.966939
834	0.083254	0.967152
835	0.083382	0.967436
836	0.084216	0.966761
837	0.082888	0.967720
838	0.082721	0.967472
839	0.081682	0.967756
840	0.082612	0.967436
841	0.082052	0.968182
842	0.083960	0.967578
843	0.083921	0.967010
844	0.083042	0.967436
845	0.083661	0.967116
846	0.081325	0.967614
847	0.082469	0.968253
848	0.082785	0.967507
849	0.083991	0.967116
850	0.082170	0.967862
851	0.084390	0.967365
852	0.083850	0.967010
853	0.081898	0.967933
854	0.081810	0.967401
855	0.082199	0.968075
856	0.082163	0.967969
857	0.082678	0.967472
858	0.084190	0.966655
859	0.082228	0.967578
860	0.081742	0.968040
861	0.082513	0.967898
862	0.082920	0.967294
863	0.083472	0.966832
864	0.083929	0.966939
865	0.083395	0.966761
866	0.082830	0.967614
867	0.083634	0.967223
868	0.082554	0.967720
869	0.081975	0.967791
870	0.081604	0.968004
871	0.082407	0.967933
872	0.080955	0.967543
873	0.082061	0.967401
874	0.081803	0.967685
875	0.081259	0.968608
876	0.082755	0.967472
877	0.083125	0.966974
878	0.081295	0.967862
879	0.082317	0.967152
880	0.083024	0.967294
881	0.082756	0.967685
882	0.083858	0.966371
883	0.081869	0.968253
884	0.082512	0.967116
885	0.083389	0.967649
886	0.082195	0.968040
887	0.082524	0.967188
888	0.081638	0.967436
889	0.082140	0.967862
890	0.081946	0.968288
891	0.083570	0.966300
892	0.082589	0.967259
893	0.081548	0.968004
894	0.082870	0.967010
895	0.081597	0.967401
896	0.082373	0.967472
897	0.082544	0.967827
898	0.081799	0.967756
899	0.083194	0.966974
900	0.082845	0.967472
901	0.082286	0.967259
902	0.082726	0.967365
903	0.081281	0.967791
904	0.082631	0.967223
905	0.081503	0.967401
906	0.080677	0.967969
907	0.082516	0.967543
908	0.081048	0.967578
909	0.082519	0.967614
910	0.081779	0.967614
911	0.082189	0.967152
912	0.081775	0.967543
913	0.081129	0.967791
914	0.081634	0.967933
915	0.083235	0.967152
916	0.083395	0.967720
917	0.082513	0.967365
918	0.082067	0.967791
919	0.083308	0.966584
920	0.081670	0.968253
921	0.082752	0.967791
922	0.082395	0.967188
923	0.081931	0.968359
924	0.081191	0.967720
925	0.081971	0.967365
926	0.082065	0.967898
927	0.080376	0.968253
928	0.081793	0.967862
929	0.081946	0.967578
930	0.082051	0.968111
931	0.082781	0.967330
932	0.082236	0.968004
933	0.082430	0.967081
934	0.082510	0.967436
935	0.082753	0.967010
936	0.081833	0.968253
937	0.081905	0.967330
938	0.081834	0.967188
939	0.082583	0.967756
940	0.081859	0.967543
941	0.081530	0.968359
942	0.080803	0.967756
943	0.082187	0.967010
944	0.081308	0.967685
945	0.083008	0.967507
946	0.080186	0.968679
947	0.080560	0.967862
948	0.081750	0.967401
949	0.080612	0.968111
950	0.080995	0.967507
951	0.081414	0.967862
952	0.081544	0.967969
953	0.081915	0.967259
954	0.082291	0.967507
955	0.082355	0.966655
956	0.082160	0.967294
957	0.081586	0.967720
958	0.081723	0.967827
959	0.082586	0.967578
960	0.081967	0.967685
961	0.081904	0.967649
962	0.081423	0.967507
963	0.080548	0.968040
964	0.080589	0.968466
965	0.080979	0.968324
966	0.082040	0.967294
967	0.082284	0.967898
968	0.082058	0.967401
969	0.081728	0.967401
970	0.081975	0.967827
971	0.080618	0.968714
972	0.080775	0.967472
973	0.080566	0.968004
974	0.080709	0.967969
975	0.080866	0.967791
976	0.080003	0.968821
977	0.079303	0.968714
978	0.081275	0.968111
979	0.081494	0.967933
980	0.082843	0.967010
981	0.083232	0.966797
982	0.082588	0.968075
983	0.083381	0.966797
984	0.081672	0.967756
985	0.081467	0.967543
986	0.082328	0.967188
987	0.081227	0.967614
988	0.082622	0.967507
989	0.080652	0.967898
990	0.080018	0.968359
991	0.081202	0.967507
992	0.081091	0.968324
993	0.081863	0.967543
994	0.081422	0.968004
995	0.081692	0.968040
996	0.081454	0.967791
997	0.081014	0.968111
998	0.080638	0.968004
999	0.080609	0.968004
1000	0.081354	0.967756
1001	0.081188	0.967472
1002	0.081899	0.967827
1003	0.079982	0.968324
1004	0.082003	0.967223
1005	0.081385	0.967330
1006	0.080935	0.967188
1007	0.081653	0.968040
1008	0.080776	0.968217
1009	0.081437	0.967188
1010	0.081294	0.967045
1011	0.081519	0.967756
1012	0.081483	0.968217
1013	0.081812	0.967614
1014	0.082115	0.968324
1015	0.080711	0.968217
1016	0.081400	0.967720
1017	0.080873	0.968572
1018	0.081877	0.967578
1019	0.082034	0.967259
1020	0.081256	0.967862
1021	0.081849	0.966690
1022	0.080670	0.967791
1023	0.080790	0.967614
1024	0.080995	0.968075
1025	0.080758	0.967969
1026	0.080444	0.967685
1027	0.080060	0.968217
1028	0.080475	0.967862
1029	0.080646	0.968146
1030	0.080903	0.968217
1031	0.081327	0.967259
1032	0.081201	0.967862
1033	0.081084	0.967543
1034	0.082712	0.967472
1035	0.082259	0.967933
1036	0.082724	0.967081
1037	0.081145	0.968217
1038	0.079371	0.968821
1039	0.081600	0.968146
1040	0.081556	0.967223
1041	0.079697	0.968501
1042	0.080749	0.967720
1043	0.078860	0.968572
1044	0.079675	0.968288
1045	0.080401	0.967720
1046	0.080566	0.967827
1047	0.081779	0.967720
1048	0.081889	0.967188
1049	0.079623	0.968608
1050	0.080850	0.967543
1051	0.081498	0.967116
1052	0.080097	0.968466
1053	0.081268	0.967330
1054	0.081658	0.967578
1055	0.080511	0.967720
1056	0.080928	0.967685
1057	0.080343	0.967543
1058	0.080013	0.967969
1059	0.080391	0.967862
1060	0.081955	0.967401
1061	0.080868	0.967862
1062	0.081513	0.968182
1063	0.081471	0.967720
1064	0.080553	0.968075
1065	0.080608	0.968075
1066	0.079947	0.968075
1067	0.080918	0.967791
1068	0.080637	0.967614
1069	0.079488	0.967649
1070	0.081564	0.966939
1071	0.080572	0.968288
1072	0.081600	0.967720
1073	0.080660	0.967720
1074	0.080426	0.967649
1075	0.081428	0.967578
1076	0.080166	0.967720
1077	0.080559	0.967933
1078	0.080907	0.967827
1079	0.080951	0.967507
1080	0.081114	0.967649
1081	0.080156	0.967756
1082	0.080209	0.967365
1083	0.081150	0.967578
1084	0.081019	0.967614
1085	0.081188	0.967401
1086	0.079564	0.968750
1087	0.079886	0.968395
1088	0.079843	0.968146
1089	0.080760	0.967472
1090	0.080687	0.967969
1091	0.079694	0.968004
1092	0.082222	0.967614
1093	0.080919	0.967756
1094	0.080125	0.967969
1095	0.080656	0.967756
1096	0.080238	0.967862
1097	0.080420	0.967543
1098	0.081377	0.967330
1099	0.079899	0.967933
1100	0.078930	0.968395
1101	0.080359	0.968572
1102	0.080571	0.968040
1103	0.080577	0.968146
1104	0.080788	0.967898
1105	0.081931	0.967827
1106	0.080576	0.967969
1107	0.081926	0.967223
1108	0.080394	0.967543
1109	0.079865	0.967720
1110	0.080784	0.968040
1111	0.080032	0.968111
1112	0.081029	0.967827
1113	0.082031	0.966832
1114	0.080689	0.968111
1115	0.080282	0.968146
1116	0.080982	0.967543
1117	0.079787	0.967472
1118	0.079949	0.967720
1119	0.079278	0.968004
1120	0.080269	0.968182
1121	0.079608	0.968608
1122	0.079930	0.968395
1123	0.078540	0.968430
1124	0.080455	0.968146
1125	0.080922	0.967401
1126	0.079734	0.968466
1127	0.079983	0.968572
1128	0.079564	0.968217
1129	0.080095	0.967720
1130	0.080075	0.967472
1131	0.080586	0.967969
1132	0.081532	0.967720
1133	0.081668	0.967259
1134	0.081200	0.968004
1135	0.081403	0.967862
1136	0.080929	0.967116
1137	0.080092	0.967862
1138	0.081343	0.966868
1139	0.080691	0.967436
1140	0.079512	0.968111
1141	0.080686	0.967933
1142	0.081027	0.968004
1143	0.080660	0.967685
1144	0.080985	0.967472
1145	0.079857	0.967720
1146	0.080968	0.967330
1147	0.080704	0.967827
1148	0.081534	0.967010
1149	0.079314	0.968537
1150	0.080675	0.967862
1151	0.079276	0.968501
1152	0.080648	0.968040
1153	0.080342	0.968075
1154	0.079408	0.967933
1155	0.079530	0.968075
1156	0.080677	0.968111
1157	0.081092	0.967294
1158	0.079080	0.968395
1159	0.079843	0.968359
1160	0.080833	0.968004
1161	0.080321	0.968004
1162	0.080005	0.968146
1163	0.079626	0.968111
1164	0.080413	0.968253
1165	0.080759	0.968324
1166	0.080324	0.967827
1167	0.080200	0.967720
1168	0.082003	0.967365
1169	0.079884	0.968963
1170	0.079004	0.968182
1171	0.079841	0.967898
1172	0.080124	0.967401
1173	0.079966	0.967756
1174	0.080913	0.968182
1175	0.080696	0.967969
1176	0.079125	0.968146
1177	0.080267	0.968004
1178	0.079836	0.968324
1179	0.081003	0.968146
1180	0.080160	0.967614
1181	0.080553	0.967685
1182	0.080240	0.967543
1183	0.079982	0.968324
1184	0.080110	0.968111
1185	0.080553	0.967543
1186	0.081958	0.967472
1187	0.080039	0.968253
1188	0.080161	0.967436
1189	0.079382	0.968004
1190	0.080470	0.967649
1191	0.078966	0.967578
1192	0.079130	0.968501
1193	0.080787	0.967720
1194	0.080148	0.968537
1195	0.080799	0.967862
1196	0.078749	0.968359
1197	0.079903	0.967827
1198	0.079642	0.968040
1199	0.079698	0.968395
1200	0.080054	0.967720
1201	0.080291	0.967720
1202	0.080034	0.967614
1203	0.080736	0.967827
1204	0.080322	0.967791
1205	0.079439	0.967365
1206	0.080346	0.967898
1207	0.080429	0.967578
1208	0.079413	0.968253
1209	0.080075	0.968182
1210	0.079778	0.968146
1211	0.081248	0.967436
1212	0.080710	0.967330
1213	0.079510	0.968040
1214	0.080183	0.967898
1215	0.080270	0.968040
1216	0.078690	0.968928
1217	0.078747	0.968324
1218	0.079362	0.967791
1219	0.079708	0.967933
1220	0.079015	0.968359
1221	0.080384	0.967436
1222	0.080945	0.967614
1223	0.079858	0.968075
1224	0.079558	0.968359
1225	0.079536	0.967898
1226	0.079406	0.968714
1227	0.080359	0.967578
1228	0.079548	0.968430
1229	0.079773	0.968679
1230	0.079642	0.968075
1231	0.080462	0.967791
1232	0.079367	0.967649
1233	0.080430	0.967614
1234	0.079968	0.968359
1235	0.079990	0.967969
1236	0.079692	0.968608
1237	0.080548	0.967969
1238	0.079402	0.967933
1239	0.080054	0.967969
1240	0.078970	0.967898
1241	0.080713	0.967685
1242	0.079869	0.968111
1243	0.079490	0.968537
1244	0.079327	0.968111
1245	0.079265	0.968501
1246	0.080433	0.968075
1247	0.080209	0.967827
1248	0.080459	0.967933
1249	0.081266	0.967436
1250	0.079983	0.967933
1251	0.080815	0.967259
1252	0.080920	0.967116
1253	0.080244	0.967898
1254	0.080498	0.967720
1255	0.079675	0.967862
1256	0.080526	0.967507
1257	0.080750	0.967614
1258	0.079512	0.968501
1259	0.079671	0.968253
1260	0.079570	0.968288
1261	0.078217	0.968111
1262	0.080441	0.967401
1263	0.080272	0.967365
1264	0.079538	0.968501
1265	0.080180	0.967543
1266	0.080275	0.968040
1267	0.080291	0.967223
1268	0.078362	0.968928
1269	0.079783	0.967827
1270	0.080604	0.968040
1271	0.080600	0.967472
1272	0.080302	0.967685
1273	0.081033	0.967862
1274	0.080326	0.967969
1275	0.079761	0.967933
1276	0.080111	0.968395
1277	0.081479	0.967188
1278	0.079090	0.968466
1279	0.078469	0.968324
1280	0.078149	0.968679
1281	0.079658	0.968146
1282	0.079758	0.967720
1283	0.079137	0.968608
1284	0.080063	0.967649
1285	0.079376	0.968040
1286	0.079317	0.968253
1287	0.078888	0.968714
1288	0.079778	0.968288
1289	0.078885	0.968963
1290	0.079310	0.967614
1291	0.079477	0.968004
1292	0.079595	0.967756
1293	0.078510	0.968111
1294	0.080271	0.968004
1295	0.080171	0.968146
1296	0.079777	0.968466
1297	0.079980	0.967436
1298	0.079250	0.968146
1299	0.080496	0.967685
1300	0.078817	0.968253
1301	0.080806	0.967081
1302	0.079791	0.968075
1303	0.079788	0.967756
1304	0.081135	0.967294
1305	0.078719	0.968253
1306	0.079521	0.968253
1307	0.079284	0.968643
1308	0.080719	0.967685
1309	0.080479	0.967827
1310	0.078618	0.968146
1311	0.078517	0.968537
1312	0.078991	0.968608
1313	0.081008	0.967294
1314	0.079088	0.968359
1315	0.078707	0.967827
1316	0.078747	0.967862
1317	0.079291	0.968182
1318	0.078918	0.967969
1319	0.080056	0.967969
1320	0.078554	0.968075
1321	0.079425	0.967614
1322	0.080490	0.968004
1323	0.079357	0.967614
1324	0.079035	0.968643
1325	0.078572	0.968324
1326	0.079734	0.968466
1327	0.079779	0.968146
1328	0.078975	0.968217
1329	0.078346	0.967862
1330	0.078564	0.968324
1331	0.079818	0.967294
1332	0.079911	0.967543
1333	0.080179	0.967685
1334	0.079731	0.968643
1335	0.080819	0.967294
1336	0.079663	0.967898
1337	0.080390	0.967791
1338	0.078707	0.968430
1339	0.079368	0.967898
1340	0.079063	0.968217
1341	0.079854	0.968324
1342	0.078160	0.968786
1343	0.079300	0.968288
1344	0.080072	0.967791
1345	0.079084	0.968501
1346	0.080022	0.967791
1347	0.079765	0.967365
1348	0.078779	0.968572
1349	0.078987	0.968253
1350	0.079375	0.968324
1351	0.078659	0.968359
1352	0.078547	0.968004
1353	0.079540	0.968217
1354	0.079031	0.968288
1355	0.077808	0.968537
1356	0.078187	0.968537
1357	0.078478	0.968004
1358	0.079162	0.968572
1359	0.079504	0.967933
1360	0.078869	0.968253
1361	0.079460	0.968111
1362	0.079903	0.967436
1363	0.079931	0.967898
1364	0.077891	0.968679
1365	0.078482	0.968146
1366	0.080234	0.968288
1367	0.079708	0.967330
1368	0.079153	0.967649
1369	0.078165	0.968608
1370	0.078972	0.968714
1371	0.079469	0.967969
1372	0.079653	0.968146
1373	0.080126	0.967827
1374	0.080769	0.968004
1375	0.079400	0.966903
1376	0.079172	0.968040
1377	0.078741	0.968040
1378	0.079967	0.968466
1379	0.078931	0.968395
1380	0.078595	0.968359
1381	0.080190	0.968572
1382	0.079795	0.968182
1383	0.078885	0.968182
1384	0.077794	0.968892
1385	0.079053	0.968501
1386	0.079472	0.968217
1387	0.078989	0.968395
1388	0.079753	0.967578
1389	0.079559	0.967862
1390	0.078159	0.968288
1391	0.079823	0.967543
1392	0.078928	0.967578
1393	0.078765	0.968217
1394	0.079727	0.967472
1395	0.078653	0.968253
1396	0.079116	0.967720
1397	0.079661	0.967898
1398	0.079948	0.967791
1399	0.079424	0.968040
1400	0.078598	0.968075
1401	0.077987	0.968466
1402	0.077124	0.968821
1403	0.078680	0.968430
1404	0.080575	0.967756
1405	0.078597	0.968288
1406	0.079092	0.968572
1407	0.081277	0.967756
1408	0.078998	0.968288
1409	0.078371	0.968217
1410	0.078654	0.968430
1411	0.078319	0.967898
1412	0.080363	0.968111
1413	0.079400	0.967720
1414	0.078174	0.968146
1415	0.078908	0.967685
1416	0.077969	0.968359
1417	0.079200	0.968182
1418	0.079668	0.968217
1419	0.080461	0.967010
1420	0.078238	0.968359
1421	0.079272	0.967862
1422	0.077041	0.969283
1423	0.080039	0.967720
1424	0.079010	0.967543
1425	0.078843	0.967933
1426	0.079817	0.967791
1427	0.079338	0.968466
1428	0.078987	0.968501
1429	0.079056	0.967969
1430	0.079118	0.967685
1431	0.080223	0.967259
1432	0.078328	0.968857
1433	0.078718	0.968253
1434	0.079209	0.967898
1435	0.079150	0.968182
1436	0.080311	0.967578
1437	0.079126	0.968537
1438	0.079341	0.968075
1439	0.078346	0.968040
1440	0.079028	0.967543
1441	0.078306	0.968750
1442	0.078673	0.968359
1443	0.078801	0.967614
1444	0.079418	0.968608
1445	0.078591	0.968004
1446	0.080067	0.967365
1447	0.079878	0.967827
1448	0.079239	0.967436
1449	0.078381	0.968430
1450	0.079225	0.968111
1451	0.078390	0.968786
1452	0.079912	0.967507
1453	0.078769	0.968040
1454	0.078660	0.968004
1455	0.080476	0.967614
1456	0.078150	0.968288
1457	0.080480	0.967543
1458	0.078546	0.968572
1459	0.078443	0.968679
1460	0.079175	0.967614
1461	0.079014	0.967827
1462	0.079634	0.967791
1463	0.078782	0.967827
1464	0.078902	0.967791
1465	0.077451	0.968253
1466	0.078996	0.968075
1467	0.079302	0.967827
1468	0.077497	0.968750
1469	0.078112	0.968217
1470	0.079594	0.968040
1471	0.078890	0.968253
1472	0.079794	0.968040
1473	0.078726	0.968999
1474	0.078721	0.968217
1475	0.078604	0.968466
1476	0.079002	0.967862
1477	0.079540	0.967756
1478	0.078752	0.968395
1479	0.080020	0.967507
1480	0.078351	0.968004
1481	0.077770	0.967649
1482	0.078118	0.968466
1483	0.078493	0.968537
1484	0.078897	0.967756
1485	0.078422	0.968146
1486	0.077275	0.968395
1487	0.079972	0.968004
1488	0.077615	0.968288
1489	0.078835	0.968679
1490	0.079274	0.968430
1491	0.079575	0.967614
1492	0.080106	0.968253
1493	0.077947	0.968928
1494	0.078084	0.968466
1495	0.077693	0.968679
1496	0.078359	0.968608
1497	0.078883	0.968466
1498	0.078799	0.968679
1499	0.078197	0.968466
1500	0.078142	0.968786
1501	0.078321	0.967791
1502	0.078099	0.968359
1503	0.079792	0.967720
1504	0.079747	0.968608
1505	0.078630	0.968572
1506	0.078700	0.968359
1507	0.078767	0.967969
1508	0.078764	0.968572
1509	0.079164	0.968324
1510	0.078511	0.968040
1511	0.079092	0.968217
1512	0.079079	0.968537
1513	0.077355	0.969141
1514	0.076769	0.968928
1515	0.077504	0.968679
1516	0.076726	0.969496
1517	0.076538	0.969247
1518	0.078936	0.968182
1519	0.078962	0.968324
1520	0.078258	0.968750
1521	0.079441	0.968359
1522	0.078017	0.968466
1523	0.078273	0.967756
1524	0.077508	0.969034
1525	0.077899	0.968288
1526	0.078742	0.968004
1527	0.078538	0.968182
1528	0.077860	0.968501
1529	0.078828	0.968111
1530	0.078421	0.967543
1531	0.078001	0.968395
1532	0.079528	0.968288
1533	0.077801	0.968679
1534	0.077948	0.968963
1535	0.076967	0.968963
1536	0.078004	0.968430
1537	0.078413	0.967898
1538	0.078466	0.968501
1539	0.077947	0.968750
1540	0.077685	0.968643
1541	0.078151	0.967898
1542	0.077968	0.968146
1543	0.077240	0.968821
1544	0.078283	0.968324
1545	0.077587	0.968537
1546	0.079539	0.967614
1547	0.078002	0.968714
1548	0.077828	0.967649
1549	0.077831	0.968395
1550	0.077302	0.968643
1551	0.078222	0.968963
1552	0.078051	0.969070
1553	0.078349	0.968679
1554	0.079191	0.968430
1555	0.077240	0.969247
1556	0.078687	0.968608
1557	0.077100	0.968821
1558	0.080001	0.967969
1559	0.079889	0.968040
1560	0.077668	0.968821
1561	0.078224	0.968928
1562	0.078424	0.968395
1563	0.077556	0.968466
1564	0.078007	0.968714
1565	0.077850	0.968821
1566	0.078816	0.968075
1567	0.077629	0.968857
1568	0.077411	0.968821
1569	0.077059	0.969070
1570	0.077603	0.968501
1571	0.077014	0.968466
1572	0.077574	0.968857
1573	0.078549	0.968359
1574	0.078847	0.968572
1575	0.077529	0.968928
1576	0.077778	0.968892
1577	0.078969	0.968146
1578	0.078192	0.968395
1579	0.077701	0.968714
1580	0.077156	0.969354
1581	0.077098	0.968750
1582	0.077715	0.968679
1583	0.079375	0.968217
1584	0.078610	0.968146
1585	0.078492	0.968608
1586	0.077845	0.968288
1587	0.078416	0.967898
1588	0.077395	0.968359
1589	0.076387	0.969496
1590	0.078447	0.968430
1591	0.078161	0.968572
1592	0.077903	0.968359
1593	0.077609	0.968643
1594	0.077645	0.968537
1595	0.077736	0.969141
1596	0.077214	0.968963
1597	0.077928	0.968928
1598	0.077718	0.968466
1599	0.077798	0.967649
1600	0.077501	0.968714
1601	0.077192	0.969531
1602	0.077060	0.969176
1603	0.076927	0.968821
1604	0.077669	0.968572
1605	0.077479	0.969105
1606	0.078077	0.968572
1607	0.077446	0.968857
1608	0.077567	0.968253
1609	0.079333	0.968253
1610	0.078107	0.968821
1611	0.078713	0.968182
1612	0.077781	0.968075
1613	0.078021	0.968537
1614	0.076920	0.969034
1615	0.077796	0.968928
1616	0.076712	0.968857
1617	0.075578	0.969709
1618	0.078545	0.967933
1619	0.078658	0.968146
1620	0.077608	0.968537
1621	0.078559	0.968928
1622	0.077243	0.968217
1623	0.078338	0.968537
1624	0.077491	0.968359
1625	0.077134	0.968750
1626	0.076180	0.968999
1627	0.076886	0.968821
1628	0.078102	0.968643
1629	0.076770	0.969141
1630	0.077632	0.969425
1631	0.077382	0.968679
1632	0.077135	0.968608
1633	0.078128	0.968324
1634	0.077539	0.968786
1635	0.077258	0.968928
1636	0.077944	0.968288
1637	0.077898	0.968537
1638	0.077770	0.968537
1639	0.078189	0.968075
1640	0.077661	0.968786
1641	0.078283	0.968608
1642	0.076410	0.968679
1643	0.077663	0.967720
1644	0.079052	0.967933
1645	0.077233	0.968288
1646	0.077975	0.968324
1647	0.076063	0.969531
1648	0.077661	0.968430
1649	0.078135	0.968324
1650	0.076227	0.968786
1651	0.077462	0.968288
1652	0.077400	0.968643
1653	0.077471	0.968963
1654	0.076773	0.968750
1655	0.078058	0.968217
1656	0.077307	0.968714
1657	0.077924	0.968821
1658	0.077221	0.968643
1659	0.077102	0.968857
1660	0.078003	0.968857
1661	0.077269	0.969105
1662	0.077345	0.968608
1663	0.076870	0.968501
1664	0.076049	0.968999
1665	0.076286	0.969212
1666	0.077621	0.968395
1667	0.077559	0.968253
1668	0.077854	0.968714
1669	0.076888	0.968430
1670	0.076622	0.968430
1671	0.077359	0.968857
1672	0.076272	0.969141
1673	0.076098	0.969283
1674	0.077421	0.968537
1675	0.077276	0.967827
1676	0.076354	0.969141
1677	0.076676	0.969105
1678	0.077782	0.967791
1679	0.076586	0.969496
1680	0.076746	0.969141
1681	0.078285	0.969034
1682	0.076686	0.969460
1683	0.077604	0.968004
1684	0.077153	0.968608
1685	0.077798	0.969247
1686	0.077613	0.968501
1687	0.076906	0.969354
1688	0.076153	0.969389
1689	0.076094	0.969247
1690	0.076664	0.969105
1691	0.075529	0.969425
1692	0.077172	0.969176
1693	0.076482	0.969460
1694	0.078220	0.968643
1695	0.078566	0.968146
1696	0.077322	0.969034
1697	0.076052	0.969176
1698	0.076060	0.968679
1699	0.077574	0.968288
1700	0.075819	0.969425
1701	0.076889	0.968572
1702	0.076919	0.969247
1703	0.074975	0.969567
1704	0.076375	0.969389
1705	0.077067	0.969105
1706	0.076798	0.968608
1707	0.076821	0.968786
1708	0.075811	0.969354
1709	0.077432	0.969425
1710	0.076657	0.968857
1711	0.078278	0.968182
1712	0.076801	0.968324
1713	0.076741	0.969034
1714	0.076210	0.969602
1715	0.075765	0.969922
1716	0.076999	0.968288
1717	0.078968	0.968750
1718	0.077699	0.969425
1719	0.077909	0.968217
1720	0.076673	0.969247
1721	0.076828	0.968395
1722	0.077653	0.968253
1723	0.077858	0.968857
1724	0.074678	0.969567
1725	0.077796	0.968430
1726	0.075862	0.968501
1727	0.076845	0.968857
1728	0.078016	0.968466
1729	0.077448	0.968679
1730	0.078543	0.968395
1731	0.076232	0.968786
1732	0.077715	0.968466
1733	0.076678	0.969141
1734	0.076354	0.968821
1735	0.076155	0.969602
1736	0.076306	0.968786
1737	0.076792	0.968572
1738	0.075696	0.969709
1739	0.076827	0.968643
1740	0.077311	0.969034
1741	0.076848	0.968750
1742	0.077118	0.968075
1743	0.076082	0.969212
1744	0.076863	0.968857
1745	0.075990	0.969034
1746	0.075592	0.969709
1747	0.076626	0.969034
1748	0.077236	0.968786
1749	0.076595	0.968714
1750	0.076844	0.969212
1751	0.076695	0.968750
1752	0.076321	0.968466
1753	0.077117	0.969141
1754	0.075899	0.969212
1755	0.075935	0.969354
1756	0.076340	0.969034
1757	0.075786	0.969638
1758	0.076710	0.969389
1759	0.075698	0.969176
1760	0.075667	0.968999
1761	0.076242	0.969070
1762	0.075603	0.969567
1763	0.077562	0.968786
1764	0.076624	0.968999
1765	0.076071	0.969283
1766	0.076108	0.968999
1767	0.078191	0.968075
1768	0.075946	0.969247
1769	0.076801	0.968714
1770	0.077397	0.968643
1771	0.076511	0.968537
1772	0.075790	0.969425
1773	0.077178	0.969105
1774	0.077762	0.968857
1775	0.077315	0.968857
1776	0.077948	0.968679
1777	0.076518	0.969460
1778	0.076835	0.968501
1779	0.076472	0.968928
1780	0.077260	0.969354
1781	0.076128	0.969105
1782	0.074976	0.969425
1783	0.076600	0.968963
1784	0.075992	0.968572
1785	0.075394	0.969034
1786	0.076269	0.969283
1787	0.076499	0.968928
1788	0.077931	0.968466
1789	0.077196	0.968679
1790	0.077215	0.968501
1791	0.076590	0.969318
1792	0.076229	0.969283
1793	0.074590	0.970597
1794	0.076323	0.968643
1795	0.076351	0.969318
1796	0.074721	0.968714
1797	0.075226	0.969567
1798	0.076756	0.969105
1799	0.076187	0.968857
1800	0.074812	0.969176
1801	0.076470	0.968928
1802	0.075062	0.970561
1803	0.077037	0.968643
1804	0.075997	0.969638
1805	0.077496	0.968999
1806	0.077712	0.967791
1807	0.076597	0.968892
1808	0.076697	0.968537
1809	0.076831	0.969531
1810	0.076631	0.968679
1811	0.077462	0.968501
1812	0.076687	0.968608
1813	0.075938	0.969141
1814	0.075990	0.969460
1815	0.076912	0.969567
1816	0.075380	0.969318
1817	0.075809	0.970135
1818	0.076093	0.969602
1819	0.074519	0.969389
1820	0.074792	0.969602
1821	0.076760	0.968288
1822	0.076637	0.969105
1823	0.075851	0.969212
1824	0.075584	0.968714
1825	0.075858	0.969425
1826	0.077774	0.968395
1827	0.074837	0.969709
1828	0.075742	0.969318
1829	0.075786	0.969425
1830	0.075395	0.969283
1831	0.076479	0.968537
1832	0.076518	0.969105
1833	0.076200	0.968928
1834	0.076055	0.969780
1835	0.077706	0.967933
1836	0.076568	0.968750
1837	0.075598	0.969247
1838	0.075311	0.969744
1839	0.074889	0.969425
1840	0.075867	0.969815
1841	0.075252	0.969744
1842	0.075235	0.969460
1843	0.075372	0.969744
1844	0.075729	0.969496
1845	0.076040	0.969176
1846	0.077805	0.967614
1847	0.076575	0.968892
1848	0.076679	0.969141
1849	0.076621	0.968892
1850	0.075239	0.968679
1851	0.074836	0.969034
1852	0.076754	0.968466
1853	0.075739	0.969354
1854	0.075697	0.968821
1855	0.074518	0.969815
1856	0.076199	0.969354
1857	0.075306	0.969957
1858	0.076145	0.969176
1859	0.075712	0.969212
1860	0.075603	0.969460
1861	0.076222	0.969425
1862	0.075824	0.969247
1863	0.075465	0.969638
1864	0.075753	0.969034
1865	0.074912	0.969638
1866	0.076056	0.969212
1867	0.076257	0.968857
1868	0.077101	0.968359
1869	0.074307	0.969425
1870	0.076074	0.968821
1871	0.074733	0.969638
1872	0.075587	0.968892
1873	0.074838	0.969638
1874	0.075747	0.969496
1875	0.076020	0.968821
1876	0.075985	0.968750
1877	0.076004	0.969638
1878	0.075224	0.970241
1879	0.076198	0.969389
1880	0.076015	0.968786
1881	0.075411	0.969425
1882	0.076332	0.968750
1883	0.074323	0.969602
1884	0.075465	0.969141
1885	0.075601	0.969425
1886	0.075046	0.969460
1887	0.076152	0.968928
1888	0.076702	0.968075
1889	0.075086	0.969070
1890	0.076984	0.968395
1891	0.075449	0.968643
1892	0.076634	0.969283
1893	0.074659	0.969567
1894	0.076139	0.968928
1895	0.074755	0.969780
1896	0.075131	0.969141
1897	0.075103	0.969638
1898	0.076052	0.969460
1899	0.075449	0.969318
1900	0.075516	0.969247
1901	0.076668	0.968217
1902	0.074461	0.969957
1903	0.074189	0.969318
1904	0.076659	0.968786
1905	0.074156	0.969957
1906	0.077049	0.968750
1907	0.075318	0.969212
1908	0.076159	0.969425
1909	0.076660	0.968821
1910	0.076465	0.968714
1911	0.074495	0.970064
1912	0.074934	0.969602
1913	0.076683	0.968857
1914	0.076873	0.969283
1915	0.075603	0.969851
1916	0.076048	0.968679
1917	0.075722	0.969212
1918	0.077338	0.968999
1919	0.076386	0.968466
1920	0.075365	0.968963
1921	0.075071	0.969070
1922	0.075810	0.968786
1923	0.074162	0.969460
1924	0.075334	0.969070
1925	0.075368	0.969567
1926	0.075849	0.969247
1927	0.076142	0.968821
1928	0.075993	0.968466
1929	0.074930	0.968892
1930	0.075663	0.969673
1931	0.075510	0.969602
1932	0.075263	0.969567
1933	0.073479	0.970206
1934	0.074175	0.969709
1935	0.075309	0.968963
1936	0.075935	0.969176
1937	0.076550	0.969354
1938	0.075917	0.968679
1939	0.076350	0.969105
1940	0.075535	0.968963
1941	0.075285	0.969531
1942	0.075353	0.969247
1943	0.075189	0.969780
1944	0.075733	0.969425
1945	0.075887	0.968608
1946	0.075570	0.968999
1947	0.073916	0.969673
1948	0.076361	0.969283
1949	0.075407	0.969283
1950	0.074418	0.970241
1951	0.074163	0.969283
1952	0.074827	0.969496
1953	0.074916	0.969851
1954	0.075519	0.969318
1955	0.076185	0.968679
1956	0.075748	0.969673
1957	0.075230	0.969212
1958	0.075899	0.968786
1959	0.074933	0.968928
1960	0.075429	0.969318
1961	0.075979	0.969141
1962	0.076226	0.969070
1963	0.075881	0.969460
1964	0.075982	0.969141
1965	0.075039	0.969638
1966	0.074452	0.969673
1967	0.075497	0.968430
1968	0.076312	0.968892
1969	0.076428	0.968821
1970	0.075620	0.969425
1971	0.075406	0.969034
1972	0.073761	0.970170
1973	0.075238	0.969744
1974	0.075975	0.968572
1975	0.075294	0.968857
1976	0.074963	0.969709
1977	0.075214	0.968857
1978	0.075520	0.969886
1979	0.075843	0.969176
1980	0.075832	0.969496
1981	0.075762	0.969709
1982	0.076518	0.968786
1983	0.074528	0.969141
1984	0.076163	0.969283
1985	0.073958	0.969176
1986	0.075636	0.969176
1987	0.075230	0.969212
1988	0.073785	0.970170
1989	0.075986	0.968786
1990	0.076204	0.969531
1991	0.074296	0.969851
1992	0.074962	0.970028
1993	0.074422	0.969602
1994	0.075850	0.969212
1995	0.075167	0.969567
1996	0.074887	0.969851
1997	0.074845	0.969638
1998	0.073552	0.970170
1999	0.074996	0.968857
2000	0.077145	0.968857
2001	0.074728	0.969744
2002	0.074924	0.968928
2003	0.074409	0.969354
2004	0.074253	0.969851
2005	0.074545	0.969993
2006	0.075761	0.969247
2007	0.074991	0.970384
2008	0.074135	0.969780
2009	0.074757	0.969496
2010	0.074750	0.969354
2011	0.074048	0.970135
2012	0.076543	0.969283
2013	0.074133	0.969815
2014	0.074424	0.969247
2015	0.074863	0.969460
2016	0.074782	0.969886
2017	0.076033	0.969212
2018	0.074649	0.969318
2019	0.073897	0.970028
2020	0.073957	0.969744
2021	0.073459	0.970384
2022	0.073513	0.970099
2023	0.076196	0.969638
2024	0.075596	0.969460
2025	0.073831	0.970241
2026	0.074246	0.969425
2027	0.073559	0.969922
2028	0.076356	0.968714
2029	0.074913	0.969212
2030	0.076363	0.968324
2031	0.074835	0.970135
2032	0.074896	0.969957
2033	0.075813	0.969247
2034	0.074569	0.969496
2035	0.075015	0.969141
2036	0.073823	0.970206
2037	0.074358	0.969638
2038	0.074447	0.969354
2039	0.075988	0.968928
2040	0.074261	0.969567
2041	0.074340	0.969247
2042	0.074701	0.969389
2043	0.074320	0.969354
2044	0.074463	0.969389
2045	0.076361	0.968466
2046	0.075049	0.968892
2047	0.075023	0.970064
2048	0.074580	0.969957
2049	0.074207	0.968963
2050	0.075016	0.969815
2051	0.075794	0.968963
2052	0.073940	0.969709
2053	0.074797	0.969212
2054	0.074380	0.969496
2055	0.073642	0.969815
2056	0.074336	0.970277
2057	0.075493	0.969034
2058	0.076221	0.968359
2059	0.074176	0.969247
2060	0.074157	0.969780
2061	0.072921	0.969851
2062	0.074085	0.970135
2063	0.074743	0.969389
2064	0.074447	0.968750
2065	0.073980	0.970490
2066	0.073821	0.969638
2067	0.074810	0.969531
2068	0.074952	0.969212
2069	0.075437	0.969354
2070	0.075020	0.968928
2071	0.074530	0.969993
2072	0.074699	0.970028
2073	0.074775	0.970455
2074	0.074279	0.970170
2075	0.074016	0.969780
2076	0.074224	0.969460
2077	0.075321	0.969460
2078	0.073814	0.970384
2079	0.074034	0.969744
2080	0.073917	0.969886
2081	0.073932	0.969389
2082	0.073888	0.969531
2083	0.075192	0.969141
2084	0.074306	0.969851
2085	0.074176	0.969389
2086	0.075316	0.969425
2087	0.074239	0.969247
2088	0.075034	0.969425
2089	0.075097	0.969212
2090	0.074206	0.969531
2091	0.072581	0.970348
2092	0.074404	0.969993
2093	0.073538	0.970739
2094	0.073970	0.969851
2095	0.073868	0.969744
2096	0.073800	0.970099
2097	0.074049	0.969922
2098	0.075121	0.968928
2099	0.075035	0.969247
2100	0.074031	0.969141
2101	0.074800	0.968750
2102	0.074772	0.969815
2103	0.074417	0.969744
2104	0.074730	0.969709
2105	0.073706	0.969993
2106	0.073637	0.970135
2107	0.074798	0.969531
2108	0.074401	0.969815
2109	0.074764	0.968679
2110	0.074366	0.970241
2111	0.074230	0.970099
2112	0.072978	0.970455
2113	0.073554	0.970597
2114	0.074191	0.969318
2115	0.074891	0.969389
2116	0.073595	0.969496
2117	0.074352	0.969318
2118	0.075338	0.969318
2119	0.072797	0.969815
2120	0.074091	0.968892
2121	0.072776	0.970703
2122	0.072752	0.970206
2123	0.073132	0.970064
2124	0.072553	0.969886
2125	0.074068	0.969496
2126	0.073488	0.970028
2127	0.073627	0.969638
2128	0.073407	0.969993
2129	0.074213	0.969531
2130	0.073794	0.970739
2131	0.073857	0.970312
2132	0.073783	0.970028
2133	0.072576	0.970668
2134	0.074392	0.968857
2135	0.075043	0.968999
2136	0.074120	0.969922
2137	0.073225	0.969212
2138	0.074965	0.969318
2139	0.074434	0.969780
2140	0.073608	0.969886
2141	0.073706	0.969460
2142	0.071943	0.970597
2143	0.073038	0.969993
2144	0.073066	0.970064
2145	0.073008	0.969638
2146	0.073498	0.970348
2147	0.073088	0.970277
2148	0.072429	0.970597
2149	0.073476	0.969283
2150	0.073355	0.969638
2151	0.073717	0.970312
2152	0.072400	0.970739
2153	0.073475	0.970064
2154	0.073163	0.970099
2155	0.073159	0.969638
2156	0.072383	0.970170
2157	0.073018	0.970064
2158	0.072888	0.970135
2159	0.074891	0.969780
2160	0.073703	0.969957
2161	0.073027	0.969993
2162	0.072329	0.970632
2163	0.073799	0.969460
2164	0.073144	0.970632
2165	0.072252	0.970312
2166	0.073737	0.969318
2167	0.072412	0.969993
2168	0.073295	0.970526
2169	0.074463	0.969602
2170	0.072675	0.970348
2171	0.072520	0.970952
2172	0.072269	0.970561
2173	0.072001	0.970597
2174	0.073358	0.969851
2175	0.073647	0.970135
2176	0.072981	0.970028
2177	0.072488	0.970987
2178	0.072332	0.970597
2179	0.072344	0.970845
2180	0.072860	0.970597
2181	0.073901	0.969425
2182	0.074347	0.969886
2183	0.072566	0.970419
2184	0.073329	0.969957
2185	0.072744	0.971023
2186	0.074863	0.969496
2187	0.073069	0.969886
2188	0.073845	0.969460
2189	0.072537	0.970455
2190	0.071252	0.970952
2191	0.073457	0.969815
2192	0.073798	0.969780
2193	0.073009	0.970312
2194	0.073337	0.970277
2195	0.073424	0.970490
2196	0.073228	0.970312
2197	0.073642	0.970952
2198	0.072654	0.970668
2199	0.071830	0.970419
2200	0.072774	0.970277
2201	0.072225	0.970170
2202	0.072534	0.969851
2203	0.074045	0.969709
2204	0.072986	0.970597
2205	0.072633	0.970419
2206	0.072766	0.970845
2207	0.073398	0.969673
2208	0.072668	0.970632
2209	0.072547	0.970632
2210	0.072602	0.969922
2211	0.071411	0.971342
2212	0.073098	0.970064
2213	0.072354	0.970916
2214	0.074291	0.970206
2215	0.074785	0.969531
2216	0.073254	0.969957
2217	0.072028	0.970526
2218	0.071475	0.970561
2219	0.071234	0.970455
2220	0.071795	0.970916
2221	0.072582	0.969851
2222	0.072261	0.970668
2223	0.073457	0.969389
2224	0.072914	0.970455
2225	0.073528	0.969354
2226	0.072438	0.970277
2227	0.072720	0.969957
2228	0.072441	0.970597
2229	0.071994	0.970526
2230	0.072109	0.970774
2231	0.072800	0.970170
2232	0.071967	0.969957
2233	0.072849	0.970916
2234	0.072133	0.970312
2235	0.073221	0.969744
2236	0.072492	0.970384
2237	0.073982	0.969602
2238	0.071737	0.970668
2239	0.072130	0.971058
2240	0.072153	0.971023
2241	0.074072	0.969922
2242	0.071934	0.970526
2243	0.072770	0.970170
2244	0.071338	0.970632
2245	0.072114	0.970099
2246	0.071920	0.970099
2247	0.073580	0.969638
2248	0.073515	0.969460
2249	0.071370	0.970881
2250	0.072322	0.969957
2251	0.072217	0.969815
2252	0.071946	0.970384
2253	0.072992	0.970419
2254	0.072252	0.970632
2255	0.071938	0.970881
2256	0.072439	0.970561
2257	0.072874	0.970632
2258	0.072649	0.970348
2259	0.072929	0.970739
2260	0.072155	0.970312
2261	0.072040	0.970455
2262	0.072638	0.970526
2263	0.071705	0.970810
2264	0.073350	0.970490
2265	0.072252	0.970277
2266	0.072752	0.970561
2267	0.071916	0.969815
2268	0.072583	0.970241
2269	0.073225	0.970099
2270	0.070882	0.970774
2271	0.072449	0.969815
2272	0.073072	0.969851
2273	0.071429	0.970419
2274	0.071577	0.969886
2275	0.072446	0.970241
2276	0.072472	0.970135
2277	0.073201	0.970526
2278	0.071582	0.970881
2279	0.071047	0.970419
2280	0.072273	0.969922
2281	0.071447	0.971165
2282	0.071963	0.970561
2283	0.071199	0.970455
2284	0.072005	0.970312
2285	0.072017	0.969993
2286	0.071754	0.970064
2287	0.071829	0.970845
2288	0.071918	0.970490
2289	0.071403	0.970170
2290	0.071696	0.970490
2291	0.071785	0.970739
2292	0.071880	0.971520
2293	0.073066	0.970170
2294	0.071655	0.970490
2295	0.070707	0.970810
2296	0.071351	0.970277
2297	0.073263	0.969993
2298	0.071929	0.970384
2299	0.073034	0.969957
2300	0.071856	0.970419
2301	0.072430	0.970952
2302	0.071648	0.971023
2303	0.071100	0.970845
2304	0.072533	0.969886
2305	0.071283	0.970419
2306	0.070274	0.971200
2307	0.073573	0.969567
2308	0.071259	0.970810
2309	0.072227	0.970099
2310	0.070474	0.971378
2311	0.070993	0.970952
2312	0.070960	0.970703
2313	0.072653	0.970241
2314	0.070328	0.970810
2315	0.071225	0.971165
2316	0.071787	0.970419
2317	0.069623	0.971378
2318	0.071330	0.970739
2319	0.071769	0.971129
2320	0.070378	0.971626
2321	0.073463	0.970135
2322	0.072233	0.970277
2323	0.070942	0.970170
2324	0.070022	0.969531
2325	0.071221	0.971378
2326	0.071480	0.970526
2327	0.072207	0.969425
2328	0.071341	0.970419
2329	0.072227	0.970241
2330	0.071630	0.970632
2331	0.071574	0.970739
2332	0.071670	0.970916
2333	0.070775	0.971129
2334	0.071116	0.971023
2335	0.071887	0.970312
2336	0.070147	0.971520
2337	0.072780	0.970597
2338	0.069403	0.971839
2339	0.071370	0.970668
2340	0.070355	0.970490
2341	0.069615	0.971946
2342	0.070193	0.970987
2343	0.069771	0.971662
2344	0.071684	0.970774
2345	0.070986	0.970384
2346	0.070794	0.971591
2347	0.071307	0.970810
2348	0.070523	0.971591
2349	0.070948	0.970419
2350	0.071518	0.970348
2351	0.070730	0.970881
2352	0.069865	0.971804
2353	0.071158	0.970597
2354	0.070539	0.970952
2355	0.070141	0.971342
2356	0.071305	0.970703
2357	0.071170	0.970845
2358	0.071067	0.970845
2359	0.070721	0.971058
2360	0.071816	0.970561
2361	0.071675	0.970632
2362	0.071448	0.970170
2363	0.070052	0.971591
2364	0.071209	0.970703
2365	0.071370	0.970384
2366	0.070849	0.970490
2367	0.070291	0.970597
2368	0.069805	0.971520
2369	0.071443	0.970384
2370	0.069869	0.970952
2371	0.070294	0.971378
2372	0.070843	0.970561
2373	0.070071	0.970916
2374	0.069800	0.971839
2375	0.069506	0.971058
2376	0.069911	0.971307
2377	0.071086	0.970774
2378	0.070063	0.971236
2379	0.071477	0.970561
2380	0.070045	0.970810
2381	0.068415	0.972159
2382	0.070114	0.971165
2383	0.069392	0.971271
2384	0.069902	0.971733
2385	0.071743	0.970703
2386	0.069976	0.970597
2387	0.070016	0.971165
2388	0.071564	0.970952
2389	0.070170	0.971200
2390	0.071435	0.970490
2391	0.071686	0.970135
2392	0.071100	0.971023
2393	0.069414	0.971165
2394	0.071087	0.970490
2395	0.071027	0.970561
2396	0.070956	0.970703
2397	0.069953	0.971058
2398	0.070000	0.971626
2399	0.070230	0.971555
2400	0.071327	0.970455
2401	0.070324	0.970490
2402	0.068607	0.972550
2403	0.070727	0.971484
2404	0.071283	0.970632
2405	0.071422	0.970277
2406	0.071637	0.969815
2407	0.071050	0.971058
2408	0.071513	0.969602
2409	0.069729	0.971413
2410	0.069633	0.971626
2411	0.069869	0.970597
2412	0.069242	0.971200
2413	0.070160	0.971626
2414	0.069948	0.970987
2415	0.069997	0.971307
2416	0.069428	0.971236
2417	0.070641	0.970881
2418	0.070911	0.971307
2419	0.071301	0.970810
2420	0.070251	0.971449
2421	0.069629	0.970774
2422	0.069065	0.971023
2423	0.069964	0.971094
2424	0.070871	0.970419
2425	0.069449	0.971236
2426	0.069954	0.971236
2427	0.069839	0.971271
2428	0.069133	0.971165
2429	0.069733	0.970312
2430	0.070135	0.970881
2431	0.069456	0.970916
2432	0.069483	0.970419
2433	0.068820	0.971236
2434	0.068697	0.971520
2435	0.069545	0.971023
2436	0.071347	0.970810
2437	0.070249	0.971094
2438	0.069274	0.971307
2439	0.069267	0.971982
2440	0.070827	0.970916
2441	0.070328	0.971662
2442	0.070660	0.970668
2443	0.068074	0.971449
2444	0.070214	0.971307
2445	0.069951	0.971200
2446	0.069798	0.970952
2447	0.068754	0.970952
2448	0.068411	0.971662
2449	0.070023	0.971342
2450	0.069807	0.971839
2451	0.068838	0.971626
2452	0.068199	0.971697
2453	0.069673	0.970881
2454	0.069100	0.971520
2455	0.069151	0.970703
2456	0.069306	0.971520
2457	0.069389	0.971165
2458	0.070103	0.971484
2459	0.071225	0.969851
2460	0.069282	0.970881
2461	0.070038	0.971236
2462	0.070192	0.970845
2463	0.069150	0.970952
2464	0.068685	0.972124
2465	0.069817	0.970810
2466	0.068601	0.971378
2467	0.069503	0.971307
2468	0.068543	0.971378
2469	0.069896	0.970597
2470	0.068547	0.971058
2471	0.070023	0.971200
2472	0.070025	0.970774
2473	0.070681	0.970348
2474	0.068889	0.970916
2475	0.068898	0.971626
2476	0.070129	0.971413
2477	0.069545	0.970881
2478	0.068526	0.971733
2479	0.068637	0.971236
2480	0.068956	0.971946
2481	0.069332	0.971555
2482	0.067824	0.972266
2483	0.069108	0.971165
2484	0.069014	0.970774
2485	0.068786	0.971200
2486	0.070520	0.970739
2487	0.069438	0.972017
2488	0.070570	0.971200
2489	0.069376	0.971555
2490	0.068333	0.971946
2491	0.067769	0.971307
2492	0.069981	0.970952
2493	0.068395	0.971875
2494	0.067766	0.972514
2495	0.069363	0.971307
2496	0.069445	0.971768
2497	0.069872	0.971165
2498	0.069542	0.971307
2499	0.068264	0.972159
2500	0.067452	0.971200
2501	0.068771	0.971165
2502	0.067643	0.971946
2503	0.069093	0.970952
2504	0.070113	0.971058
2505	0.070189	0.971200
2506	0.068771	0.971555
2507	0.068431	0.971875
2508	0.066477	0.971946
2509	0.068412	0.971200
2510	0.068816	0.971449
2511	0.067558	0.971413
2512	0.069449	0.971449
2513	0.068559	0.970774
2514	0.068121	0.970668
2515	0.067738	0.971804
2516	0.068106	0.971236
2517	0.067218	0.971626
2518	0.069626	0.970561
2519	0.069525	0.972053
2520	0.067688	0.972301
2521	0.068652	0.971342
2522	0.068112	0.971626
2523	0.069296	0.971413
2524	0.070403	0.970028
2525	0.068489	0.971520
2526	0.069131	0.971094
2527	0.069112	0.971733
2528	0.070554	0.971200
2529	0.069505	0.971165
2530	0.071163	0.970135
2531	0.067656	0.972088
2532	0.067647	0.971911
2533	0.067414	0.972088
2534	0.069396	0.971378
2535	0.068060	0.972195
2536	0.069902	0.971307
2537	0.068682	0.971342
2538	0.067456	0.971804
2539	0.068078	0.972124
2540	0.069953	0.971023
2541	0.069126	0.971839
2542	0.069872	0.971626
2543	0.068226	0.971058
2544	0.067062	0.971555
2545	0.067643	0.971307
2546	0.068090	0.971058
2547	0.070338	0.970845
2548	0.068097	0.971058
2549	0.067754	0.971982
2550	0.068315	0.971555
2551	0.068497	0.970810
2552	0.069072	0.971591
2553	0.068083	0.970916
2554	0.069566	0.970774
2555	0.068769	0.972195
2556	0.068264	0.971982
2557	0.068002	0.971200
2558	0.070020	0.970419
2559	0.068923	0.971413
2560	0.068584	0.971484
2561	0.068448	0.970952
2562	0.067325	0.972017
2563	0.068124	0.971662
2564	0.069974	0.970739
2565	0.068434	0.971662
2566	0.067882	0.971484
2567	0.067505	0.971626
2568	0.069320	0.971768
2569	0.068414	0.971662
2570	0.068531	0.971662
2571	0.069335	0.970952
2572	0.068228	0.971094
2573	0.068288	0.971094
2574	0.067999	0.971591
2575	0.069163	0.971236
2576	0.068688	0.971271
2577	0.069029	0.971129
2578	0.067955	0.971733
2579	0.068535	0.971591
2580	0.066826	0.972124
2581	0.069275	0.970597
2582	0.067975	0.970987
2583	0.068348	0.971626
2584	0.068707	0.971165
2585	0.068367	0.970739
2586	0.068508	0.971768
2587	0.068804	0.971378
2588	0.068668	0.971236
2589	0.067707	0.971342
2590	0.068639	0.971058
2591	0.067447	0.971165
2592	0.068089	0.971662
2593	0.067724	0.970952
2594	0.068832	0.971023
2595	0.067830	0.971200
2596	0.069115	0.971733
2597	0.067862	0.972195
2598	0.068338	0.971875
2599	0.067167	0.971768
2600	0.067548	0.971768
2601	0.068580	0.971165
2602	0.066990	0.971875
2603	0.066833	0.972372
2604	0.066930	0.971875
2605	0.068330	0.970348
2606	0.068060	0.971413
2607	0.066270	0.972266
2608	0.067794	0.971342
2609	0.068495	0.970881
2610	0.068473	0.972124
2611	0.067799	0.971768
2612	0.068073	0.971591
2613	0.068254	0.971307
2614	0.069542	0.971165
2615	0.069803	0.971058
2616	0.068670	0.971484
2617	0.067115	0.971555
2618	0.067667	0.971626
2619	0.066833	0.971662
2620	0.067340	0.972159
2621	0.067335	0.971768
2622	0.067183	0.971626
2623	0.067290	0.971271
2624	0.067877	0.970987
2625	0.069215	0.970490
2626	0.066983	0.971378
2627	0.067298	0.971023
2628	0.068309	0.971662
2629	0.068354	0.971307
2630	0.067804	0.972124
2631	0.065826	0.972408
2632	0.067754	0.971555
2633	0.067859	0.971413
2634	0.067163	0.972621
2635	0.066618	0.972195
2636	0.068395	0.971200
2637	0.066071	0.971768
2638	0.066357	0.971839
2639	0.068028	0.971307
2640	0.066879	0.971626
2641	0.068189	0.971307
2642	0.070135	0.971094
2643	0.068817	0.971626
2644	0.065823	0.972088
2645	0.067277	0.972017
2646	0.068003	0.971342
2647	0.066098	0.971697
2648	0.069246	0.970916
2649	0.066174	0.972195
2650	0.066413	0.971946
2651	0.066356	0.971911
2652	0.068255	0.972088
2653	0.068008	0.971023
2654	0.066657	0.971875
2655	0.066647	0.971946
2656	0.068466	0.970774
2657	0.066587	0.972159
2658	0.067711	0.971733
2659	0.067047	0.971200
2660	0.067022	0.972017
2661	0.068125	0.971449
2662	0.066146	0.971591
2663	0.067154	0.971236
2664	0.067508	0.970916
2665	0.068820	0.971662
2666	0.066612	0.971982
2667	0.066860	0.971839
2668	0.066181	0.972017
2669	0.066507	0.971591
2670	0.067420	0.971555
2671	0.067465	0.972195
2672	0.066764	0.972088
2673	0.067115	0.972017
2674	0.068510	0.971378
2675	0.066477	0.972443
2676	0.066616	0.971129
2677	0.066798	0.971982
2678	0.066489	0.972798
2679	0.068566	0.971449
2680	0.067894	0.971626
2681	0.066827	0.972656
2682	0.066839	0.971591
2683	0.068009	0.971662
2684	0.067162	0.971342
2685	0.067605	0.971804
2686	0.066425	0.971697
2687	0.068121	0.971271
2688	0.066384	0.972230
2689	0.067213	0.971733
2690	0.067244	0.971342
2691	0.068428	0.971413
2692	0.064853	0.972869
2693	0.067399	0.972195
2694	0.066818	0.971982
2695	0.067442	0.972337
2696	0.065225	0.972301
2697	0.067638	0.972372
2698	0.066251	0.971520
2699	0.066744	0.971413
2700	0.067906	0.971094
2701	0.065408	0.973047
2702	0.066430	0.971520
2703	0.067413	0.970810
2704	0.066799	0.971591
2705	0.067451	0.971094
2706	0.067121	0.971662
2707	0.066221	0.971591
2708	0.066310	0.972479
2709	0.067242	0.971982
2710	0.066451	0.971768
2711	0.067188	0.972230
2712	0.066392	0.971768
2713	0.067692	0.971911
2714	0.067836	0.970810
2715	0.066837	0.972053
2716	0.065184	0.972053
2717	0.066392	0.971662
2718	0.068195	0.971982
2719	0.066979	0.972124
2720	0.066663	0.971946
2721	0.065476	0.972053
2722	0.066213	0.972017
2723	0.066365	0.971839
2724	0.067383	0.971946
2725	0.066520	0.972053
2726	0.065909	0.972514
2727	0.066416	0.972053
2728	0.066202	0.971733
2729	0.066251	0.972621
2730	0.068961	0.971378
2731	0.067720	0.971378
2732	0.066855	0.971271
2733	0.066270	0.971413
2734	0.065786	0.972230
2735	0.066565	0.971662
2736	0.065972	0.971911
2737	0.067270	0.972053
2738	0.065485	0.972479
2739	0.065445	0.972443
2740	0.066634	0.971449
2741	0.068454	0.972337
2742	0.067230	0.971094
2743	0.065590	0.972727
2744	0.067046	0.971449
2745	0.067444	0.971839
2746	0.065548	0.972088
2747	0.067169	0.971520
2748	0.066828	0.971307
2749	0.067340	0.971768
2750	0.066159	0.971662
2751	0.067027	0.971733
2752	0.066662	0.971875
2753	0.067004	0.970916
2754	0.065738	0.971626
2755	0.066988	0.972266
2756	0.067165	0.971982
2757	0.066829	0.971413
2758	0.067065	0.971804
2759	0.066708	0.971804
2760	0.067407	0.971626
2761	0.066896	0.971165
2762	0.067072	0.971697
2763	0.065407	0.972692
2764	0.065286	0.972763
2765	0.066397	0.971911
2766	0.066590	0.971342
2767	0.066270	0.971662
2768	0.066556	0.971946
2769	0.066432	0.972017
2770	0.066518	0.971094
2771	0.065934	0.972195
2772	0.064929	0.972443
2773	0.066608	0.972195
2774	0.066221	0.972053
2775	0.067858	0.971911
2776	0.066969	0.971804
2777	0.065969	0.972443
2778	0.065297	0.972337
2779	0.066817	0.972017
2780	0.065410	0.971520
2781	0.065931	0.972088
2782	0.063912	0.972976
2783	0.067374	0.971591
2784	0.066300	0.971982
2785	0.067294	0.971271
2786	0.066547	0.971875
2787	0.066261	0.971520
2788	0.068614	0.971804
2789	0.065983	0.971662
2790	0.064961	0.972798
2791	0.065689	0.972479
2792	0.065495	0.971982
2793	0.065482	0.972088
2794	0.065115	0.972443
2795	0.066076	0.971911
2796	0.066323	0.971804
2797	0.065825	0.971413
2798	0.068323	0.972017
2799	0.066916	0.971591
2800	0.065078	0.972088
2801	0.066285	0.971768
2802	0.064654	0.972230
2803	0.065150	0.972550
2804	0.066485	0.972550
2805	0.064795	0.972195
2806	0.067540	0.971768
2807	0.065578	0.972195
2808	0.066063	0.971982
2809	0.066655	0.971520
2810	0.065819	0.972621
2811	0.065516	0.972408
2812	0.066439	0.972301
2813	0.066760	0.971058
2814	0.066978	0.971697
2815	0.066213	0.971839
2816	0.063352	0.973757
2817	0.065427	0.971982
2818	0.064317	0.972798
2819	0.067552	0.971520
2820	0.065700	0.972017
2821	0.066188	0.971449
2822	0.066857	0.972088
2823	0.066945	0.972195
2824	0.066810	0.972124
2825	0.066395	0.971911
2826	0.066416	0.972408
2827	0.065657	0.972159
2828	0.064492	0.972479
2829	0.066248	0.970774
2830	0.068300	0.970241
2831	0.065919	0.971520
2832	0.064780	0.972017
2833	0.066164	0.971875
2834	0.066830	0.971982
2835	0.066335	0.971768
2836	0.066067	0.972479
2837	0.064214	0.971946
2838	0.067689	0.971946
2839	0.066586	0.971804
2840	0.065757	0.972159
2841	0.064599	0.971982
2842	0.065960	0.972443
2843	0.065563	0.972443
2844	0.064973	0.972337
2845	0.065755	0.972372
2846	0.066639	0.972195
2847	0.065787	0.972230
2848	0.067579	0.971911
2849	0.065503	0.971875
2850	0.066047	0.972621
2851	0.064411	0.972408
2852	0.064988	0.972195
2853	0.065222	0.972692
2854	0.066367	0.971768
2855	0.065297	0.972301
2856	0.066507	0.972230
2857	0.065598	0.972195
2858	0.064967	0.973011
2859	0.064631	0.972692
2860	0.064066	0.972869
2861	0.065347	0.971982
2862	0.065728	0.971271
2863	0.065219	0.972372
2864	0.066636	0.971662
2865	0.066442	0.972195
2866	0.066258	0.971555
2867	0.064414	0.972692
2868	0.065726	0.972834
2869	0.065837	0.972337
2870	0.065414	0.971697
2871	0.065676	0.972195
2872	0.066152	0.972514
2873	0.064869	0.972301
2874	0.064433	0.972834
2875	0.066466	0.972585
2876	0.066055	0.971484
2877	0.065230	0.972053
2878	0.064238	0.973437
2879	0.063980	0.972869
2880	0.065748	0.971591
2881	0.064578	0.972585
2882	0.064834	0.972621
2883	0.064794	0.972621
2884	0.065530	0.971697
2885	0.066847	0.972479
2886	0.065922	0.971697
2887	0.063916	0.973153
2888	0.064236	0.973366
2889	0.066426	0.971413
2890	0.066048	0.972053
2891	0.064902	0.972656
2892	0.065189	0.972869
2893	0.065777	0.971768
2894	0.064862	0.972621
2895	0.064182	0.972372
2896	0.066927	0.971733
2897	0.065280	0.972514
2898	0.064927	0.971626
2899	0.064544	0.972834
2900	0.065719	0.971520
2901	0.065822	0.971626
2902	0.065901	0.971875
2903	0.065259	0.972834
2904	0.065626	0.971591
2905	0.064385	0.972621
2906	0.065680	0.972550
2907	0.065084	0.972088
2908	0.066099	0.972159
2909	0.067806	0.971413
2910	0.065777	0.972124
2911	0.064899	0.972195
2912	0.066610	0.971733
2913	0.064948	0.971946
2914	0.065381	0.972088
2915	0.064580	0.973189
2916	0.065552	0.972479
2917	0.066315	0.971591
2918	0.065055	0.972692
2919	0.065166	0.972053
2920	0.065211	0.972656
2921	0.064035	0.972159
2922	0.065072	0.972692
2923	0.064861	0.973047
2924	0.063858	0.973047
2925	0.063607	0.973544
2926	0.063907	0.973047
2927	0.066341	0.971662
2928	0.064276	0.972479
2929	0.065359	0.972692
2930	0.065502	0.972834
2931	0.065927	0.971839
2932	0.064072	0.973011
2933	0.064098	0.973047
2934	0.064442	0.972337
2935	0.064104	0.973118
2936	0.064682	0.972727
2937	0.064341	0.972550
2938	0.064458	0.973473
2939	0.064300	0.973331
2940	0.064580	0.972798
2941	0.065525	0.972195
2942	0.064139	0.972621
2943	0.065912	0.973047
2944	0.064522	0.972585
2945	0.063145	0.973260
2946	0.063035	0.973118
2947	0.066154	0.972372
2948	0.066485	0.971839
2949	0.063253	0.973118
2950	0.066140	0.972621
2951	0.064274	0.973757
2952	0.065834	0.972337
2953	0.064713	0.972763
2954	0.062309	0.973509
2955	0.063232	0.973295
2956	0.064807	0.972834
2957	0.064829	0.971733
2958	0.064913	0.971875
2959	0.065136	0.971839
2960	0.065020	0.972479
2961	0.065636	0.971378
2962	0.066302	0.971804
2963	0.065290	0.972337
2964	0.064302	0.972727
2965	0.064062	0.972230
2966	0.064772	0.972266
2967	0.065294	0.972550
2968	0.063547	0.972550
2969	0.064985	0.972266
2970	0.063991	0.973011
2971	0.063214	0.973189
2972	0.064489	0.972585
2973	0.062696	0.973509
2974	0.063259	0.973580
2975	0.065052	0.972337
2976	0.064901	0.972195
2977	0.065687	0.971662
2978	0.064408	0.972159
2979	0.064242	0.972408
2980	0.065704	0.972124
2981	0.064524	0.972550
2982	0.063799	0.972656
2983	0.064116	0.973189
2984	0.065054	0.972408
2985	0.064463	0.972692
2986	0.067192	0.971768
2987	0.063608	0.973082
2988	0.063429	0.972869
2989	0.064470	0.972798
2990	0.064665	0.972798
2991	0.064407	0.972621
2992	0.063201	0.972727
2993	0.064423	0.972479
2994	0.063678	0.972727
2995	0.063676	0.972834
2996	0.065061	0.971697
2997	0.064764	0.971946
2998	0.065860	0.972266
2999	0.064043	0.972550
3000	0.063644	0.972976
3001	0.063071	0.972834
3002	0.062418	0.973970
3003	0.064335	0.972337
3004	0.063942	0.973011
3005	0.063973	0.973011
3006	0.063173	0.972514
3007	0.063086	0.973722
3008	0.063821	0.972905
3009	0.064257	0.972088
3010	0.063858	0.972727
3011	0.064575	0.972372
3012	0.063428	0.972976
3013	0.063970	0.973011
3014	0.063630	0.973757
3015	0.063804	0.973473
3016	0.063972	0.972550
3017	0.063899	0.972976
3018	0.064608	0.972266
3019	0.063987	0.972621
3020	0.064055	0.973153
3021	0.064683	0.972230
3022	0.064166	0.972550
3023	0.065114	0.971733
3024	0.063664	0.972585
3025	0.063954	0.972798
3026	0.062887	0.973011
3027	0.064875	0.972905
3028	0.064152	0.973047
3029	0.064832	0.972905
3030	0.063132	0.973082
3031	0.063485	0.972798
3032	0.063855	0.973153
3033	0.065816	0.972124
3034	0.063771	0.972656
3035	0.062564	0.973260
3036	0.063217	0.973011
3037	0.064068	0.972763
3038	0.063287	0.972727
3039	0.065219	0.972514
3040	0.063483	0.973011
3041	0.062950	0.973331
3042	0.064309	0.972301
3043	0.063387	0.972940
3044	0.064004	0.971946
3045	0.063914	0.973047
3046	0.062329	0.972905
3047	0.064731	0.971733
3048	0.064864	0.972017
3049	0.064127	0.972301
3050	0.064027	0.972053
3051	0.063066	0.973082
3052	0.063729	0.973189
3053	0.064066	0.972727
3054	0.064340	0.972869
3055	0.063890	0.972727
3056	0.063790	0.972692
3057	0.063395	0.972692
3058	0.066017	0.970952
3059	0.064631	0.971662
3060	0.064595	0.972940
3061	0.063394	0.973331
3062	0.063883	0.971768
3063	0.063636	0.972372
3064	0.063885	0.971946
3065	0.063980	0.972337
3066	0.064485	0.972940
3067	0.064219	0.972372
3068	0.064405	0.972585
3069	0.063126	0.973260
3070	0.063436	0.972124
3071	0.063460	0.972940
3072	0.062864	0.972798
3073	0.062791	0.973189
3074	0.061644	0.972621
3075	0.062636	0.973473
3076	0.063431	0.972869
3077	0.062339	0.973295
3078	0.062876	0.973473
3079	0.062305	0.973118
3080	0.065102	0.972124
3081	0.064936	0.972763
3082	0.063938	0.972798
3083	0.064035	0.973011
3084	0.062421	0.973331
3085	0.063323	0.973295
3086	0.063868	0.973331
3087	0.063295	0.972763
3088	0.063786	0.973118
3089	0.062471	0.973011
3090	0.062423	0.973864
3091	0.063338	0.972479
3092	0.064984	0.972585
3093	0.062423	0.972727
3094	0.064889	0.972905
3095	0.064221	0.972585
3096	0.062380	0.972656
3097	0.063088	0.972869
3098	0.064934	0.971911
3099	0.063159	0.972337
3100	0.063437	0.971555
3101	0.063040	0.973473
3102	0.062381	0.973509
3103	0.063070	0.973260
3104	0.062204	0.973295
3105	0.064263	0.972230
3106	0.064371	0.972088
3107	0.063331	0.973615
3108	0.062669	0.973331
3109	0.063755	0.973686
3110	0.062691	0.973295
3111	0.062629	0.973189
3112	0.063283	0.973011
3113	0.065135	0.972017
3114	0.064541	0.972443
3115	0.062694	0.973615
3116	0.062823	0.972869
3117	0.062821	0.973189
3118	0.062658	0.973651
3119	0.063551	0.973224
3120	0.064531	0.972798
3121	0.062765	0.972976
3122	0.061989	0.974325
3123	0.062877	0.972763
3124	0.063691	0.972940
3125	0.061318	0.973437
3126	0.062287	0.973011
3127	0.062266	0.974254
3128	0.063998	0.972692
3129	0.065395	0.972514
3130	0.064747	0.971804
3131	0.062643	0.973580
3132	0.063134	0.972443
3133	0.064681	0.972976
3134	0.061850	0.973118
3135	0.061985	0.973544
3136	0.063011	0.972834
3137	0.062857	0.973153
3138	0.062640	0.973331
3139	0.063591	0.972763
3140	0.062580	0.973366
3141	0.064349	0.973189
3142	0.064717	0.971839
3143	0.063443	0.972763
3144	0.062538	0.973402
3145	0.063019	0.972585
3146	0.063326	0.973260
3147	0.062275	0.973757
3148	0.062992	0.973260
3149	0.062442	0.973011
3150	0.062974	0.973402
3151	0.064942	0.972656
3152	0.062308	0.974041
3153	0.062764	0.973224
3154	0.062871	0.972088
3155	0.060124	0.974680
3156	0.062489	0.973082
3157	0.065038	0.972834
3158	0.061792	0.973580
3159	0.064146	0.972230
3160	0.063675	0.973047
3161	0.063077	0.973366
3162	0.063283	0.972301
3163	0.063168	0.973118
3164	0.062588	0.973189
3165	0.062859	0.972798
3166	0.062860	0.973082
3167	0.062359	0.973580
3168	0.063990	0.973047
3169	0.064469	0.972372
3170	0.064358	0.972692
3171	0.061538	0.973899
3172	0.062092	0.973153
3173	0.061226	0.974645
3174	0.061482	0.973828
3175	0.061703	0.973615
3176	0.061943	0.973793
3177	0.062897	0.972905
3178	0.061950	0.972656
3179	0.063769	0.972727
3180	0.063043	0.972479
3181	0.063774	0.972266
3182	0.062482	0.973757
3183	0.063370	0.972869
3184	0.064189	0.972798
3185	0.061297	0.973544
3186	0.062297	0.972798
3187	0.061337	0.973828
3188	0.063097	0.973260
3189	0.062823	0.973224
3190	0.063547	0.972798
3191	0.064154	0.971911
3192	0.061848	0.973331
3193	0.063713	0.972727
3194	0.063590	0.972514
3195	0.062800	0.972692
3196	0.062296	0.973047
3197	0.061324	0.973509
3198	0.060512	0.974254
3199	0.061503	0.973437
3200	0.062017	0.973935
3201	0.060649	0.973580
3202	0.061550	0.973295
3203	0.063002	0.973189
3204	0.062944	0.973295
3205	0.063026	0.973366
3206	0.061815	0.973651
3207	0.061662	0.974006
3208	0.061785	0.973260
3209	0.062003	0.973970
3210	0.061987	0.973544
3211	0.064199	0.972940
3212	0.062242	0.973402
3213	0.061548	0.973970
3214	0.061752	0.973189
3215	0.062836	0.973153
3216	0.062137	0.973757
3217	0.061617	0.973189
3218	0.061514	0.973509
3219	0.060624	0.973580
3220	0.062020	0.973864
3221	0.060793	0.974325
3222	0.062841	0.973437
3223	0.061917	0.973082
3224	0.064288	0.972585
3225	0.061058	0.973615
3226	0.061316	0.973970
3227	0.061327	0.972905
3228	0.063702	0.972266
3229	0.064990	0.971307
3230	0.062268	0.974112
3231	0.060252	0.973935
3232	0.062248	0.973722
3233	0.060695	0.973722
3234	0.062697	0.973260
3235	0.061059	0.973224
3236	0.061538	0.973757
3237	0.061580	0.973082
3238	0.062485	0.973402
3239	0.061914	0.973189
3240	0.060264	0.974609
3241	0.062019	0.973082
3242	0.064392	0.972053
3243	0.063778	0.972479
3244	0.061998	0.973899
3245	0.062332	0.974006
3246	0.063128	0.972230
3247	0.063405	0.973402
3248	0.062255	0.972479
3249	0.063128	0.972656
3250	0.062358	0.973153
3251	0.062930	0.973047
3252	0.061689	0.973082
3253	0.061635	0.974006
3254	0.062001	0.972727
3255	0.061931	0.973686
3256	0.061439	0.974112
3257	0.062629	0.973011
3258	0.062134	0.973722
3259	0.062454	0.973473
3260	0.061838	0.973153
3261	0.061505	0.973153
3262	0.061894	0.973437
3263	0.062385	0.973509
3264	0.061242	0.973615
3265	0.061252	0.973757
3266	0.062757	0.972940
3267	0.064228	0.972088
3268	0.061108	0.973899
3269	0.061709	0.973011
3270	0.061850	0.974077
3271	0.061523	0.974645
3272	0.060352	0.974219
3273	0.061029	0.973651
3274	0.061294	0.974183
3275	0.060138	0.974148
3276	0.062504	0.973793
3277	0.060952	0.973722
3278	0.062780	0.973544
3279	0.062178	0.973437
3280	0.062410	0.973509
3281	0.062210	0.972621
3282	0.062200	0.973509
3283	0.060808	0.973651
3284	0.061464	0.974183
3285	0.062538	0.973402
3286	0.060571	0.974219
3287	0.061121	0.973437
3288	0.062052	0.973757
3289	0.060880	0.974503
3290	0.061489	0.973899
3291	0.061150	0.973793
3292	0.062146	0.972905
3293	0.060932	0.973970
3294	0.062346	0.972656
3295	0.061406	0.973722
3296	0.060792	0.973793
3297	0.060160	0.974183
3298	0.062878	0.972834
3299	0.061492	0.974574
3300	0.061324	0.974006
3301	0.061187	0.973651
3302	0.062608	0.972621
3303	0.061193	0.973722
3304	0.062075	0.972905
3305	0.060826	0.973224
3306	0.062213	0.973331
3307	0.062106	0.973757
3308	0.061945	0.973473
3309	0.060808	0.974290
3310	0.062232	0.973153
3311	0.061224	0.973757
3312	0.060847	0.973615
3313	0.060704	0.973793
3314	0.060287	0.974148
3315	0.060499	0.974574
3316	0.061931	0.974077
3317	0.061612	0.972976
3318	0.061914	0.973366
3319	0.061539	0.974290
3320	0.060386	0.973935
3321	0.062873	0.973118
3322	0.060165	0.974254
3323	0.061857	0.973899
3324	0.061158	0.973864
3325	0.062635	0.972869
3326	0.061320	0.973402
3327	0.061685	0.973580
3328	0.060538	0.974787
3329	0.060801	0.973757
3330	0.061999	0.972656
3331	0.062158	0.973615
3332	0.059814	0.974503
3333	0.061063	0.974006
3334	0.061498	0.973615
3335	0.061084	0.974006
3336	0.062133	0.973935
3337	0.061250	0.974077
3338	0.062838	0.973224
3339	0.060718	0.973793
3340	0.060328	0.974148
3341	0.059071	0.974290
3342	0.061647	0.973331
3343	0.062462	0.973118
3344	0.062269	0.973295
3345	0.061036	0.974183
3346	0.062896	0.973864
3347	0.060559	0.973970
3348	0.061297	0.973722
3349	0.059897	0.973970
3350	0.061239	0.974006
3351	0.060677	0.973509
3352	0.061634	0.973864
3353	0.060830	0.974325
3354	0.063512	0.973437
3355	0.060219	0.974006
3356	0.061290	0.974254
3357	0.059765	0.974396
3358	0.060511	0.975035
3359	0.060738	0.973260
3360	0.060432	0.974396
3361	0.059203	0.974609
3362	0.059277	0.974929
3363	0.062100	0.973331
3364	0.059630	0.974183
3365	0.062232	0.974006
3366	0.060687	0.973722
3367	0.061232	0.973580
3368	0.060406	0.973580
3369	0.061880	0.973082
3370	0.061441	0.973544
3371	0.059721	0.974006
3372	0.059633	0.974751
3373	0.060559	0.974041
3374	0.060963	0.973864
3375	0.061303	0.974467
3376	0.059441	0.974325
3377	0.060167	0.974538
3378	0.061614	0.973580
3379	0.061704	0.973118
3380	0.059504	0.974254
3381	0.062128	0.973899
3382	0.061754	0.973580
3383	0.059936	0.973722
3384	0.061291	0.973864
3385	0.060973	0.973899
3386	0.060616	0.974254
3387	0.060804	0.973793
3388	0.060859	0.974148
3389	0.061138	0.974112
3390	0.059342	0.975142
3391	0.060130	0.974645
3392	0.060887	0.974183
3393	0.061820	0.973331
3394	0.060647	0.973828
3395	0.059576	0.973651
3396	0.060057	0.974219
3397	0.060408	0.973224
3398	0.061601	0.973580
3399	0.059673	0.974787
3400	0.060584	0.974396
3401	0.060795	0.973366
3402	0.061891	0.973473
3403	0.060629	0.973331
3404	0.059971	0.973970
3405	0.061457	0.973082
