########

## 	Model: LSTM with N=128

########

1	2.172606	0.151940
2	2.165437	0.180226
3	2.165198	0.220097
4	2.157363	0.258890
5	2.148115	0.336476
6	2.149823	0.337554
7	2.140068	0.380657
8	2.133740	0.399515
9	2.124143	0.411099
10	2.126982	0.395474
11	2.112573	0.443966
12	2.107433	0.450700
13	2.102865	0.462284
14	2.094149	0.474407
15	2.085458	0.493265
16	2.078718	0.505388
17	2.067350	0.536099
18	2.061375	0.547683
19	2.053695	0.561692
20	2.040958	0.574353
21	2.035738	0.582166
22	2.026899	0.593211
23	2.020255	0.602640
24	2.006674	0.610453
25	1.997866	0.621498
26	1.984463	0.629041
27	1.975739	0.629041
28	1.965935	0.636853
29	1.954785	0.636315
30	1.939048	0.642780
31	1.931182	0.643319
32	1.922415	0.645474
33	1.907966	0.650323
34	1.897887	0.649785
35	1.885272	0.648976
36	1.873128	0.650323
37	1.863481	0.649785
38	1.852537	0.654095
39	1.838800	0.653287
40	1.827076	0.655172
41	1.818000	0.655172
42	1.802485	0.655172
43	1.793530	0.655172
44	1.782014	0.655172
45	1.768924	0.655172
46	1.757990	0.655172
47	1.744980	0.655172
48	1.735175	0.655172
49	1.722949	0.655172
50	1.712637	0.655172
51	1.699019	0.655172
52	1.690289	0.655172
53	1.677655	0.655172
54	1.665839	0.655172
55	1.654999	0.655172
56	1.644061	0.655172
57	1.630746	0.655172
58	1.621884	0.655172
59	1.609964	0.655172
60	1.596956	0.655172
61	1.585674	0.655172
62	1.574672	0.655172
63	1.560883	0.655172
64	1.549703	0.655172
65	1.536408	0.655172
66	1.522653	0.655172
67	1.510192	0.655172
68	1.494052	0.655172
69	1.479893	0.655172
70	1.467005	0.655172
71	1.453498	0.655172
72	1.434794	0.655172
73	1.420082	0.655172
74	1.404425	0.655172
75	1.385475	0.655172
76	1.366996	0.655172
77	1.351016	0.655172
78	1.333437	0.655172
79	1.309446	0.655172
80	1.291920	0.655172
81	1.271540	0.655172
82	1.249704	0.655172
83	1.225627	0.655172
84	1.201446	0.655172
85	1.180447	0.655172
86	1.157125	0.655172
87	1.136213	0.658944
88	1.113903	0.661099
89	1.091664	0.664332
90	1.066476	0.675377
91	1.047240	0.676724
92	1.024960	0.683998
93	1.010939	0.680765
94	0.993770	0.683459
95	0.978028	0.681843
96	0.965861	0.682651
97	0.958034	0.683459
98	0.950193	0.683459
99	0.967992	0.693965
100	0.983954	0.679418
101	1.032949	0.702047
102	0.923490	0.692349
103	0.918260	0.690194
104	0.908593	0.685884
105	0.908058	0.693157
106	0.903996	0.690194
107	0.921071	0.701239
108	0.937400	0.682920
109	1.002105	0.672144
110	0.900055	0.686422
111	0.904756	0.696929
112	0.888737	0.697198
113	0.903880	0.699623
114	0.895111	0.685614
115	0.921316	0.704203
116	0.892011	0.687769
117	0.912249	0.697198
118	0.885805	0.693157
119	0.902437	0.705280
120	0.880410	0.688039
121	0.897018	0.704472
122	0.875875	0.691272
123	0.893464	0.705550
124	0.874208	0.690733
125	0.895425	0.705011
126	0.871563	0.688847
127	0.888553	0.701509
128	0.866937	0.690463
129	0.881922	0.704472
130	0.862872	0.687500
131	0.876708	0.701778
132	0.862196	0.692080
133	0.881809	0.702856
134	0.863941	0.687231
135	0.882833	0.699892
136	0.858264	0.692888
137	0.873895	0.702317
138	0.855524	0.693427
139	0.869314	0.707166
140	0.850101	0.694235
141	0.860442	0.702047
142	0.849070	0.693965
143	0.863185	0.707166
144	0.852039	0.689655
145	0.871666	0.706358
146	0.847502	0.692619
147	0.855668	0.702856
148	0.839583	0.693696
149	0.846946	0.705550
150	0.838879	0.691541
151	0.851705	0.708513
152	0.841915	0.695312
153	0.857417	0.704472
154	0.842122	0.696390
155	0.854281	0.714170
156	0.835646	0.694774
157	0.841936	0.704203
158	0.832375	0.693157
159	0.839374	0.705011
160	0.830524	0.694774
161	0.840822	0.705550
162	0.832330	0.694504
163	0.845367	0.702047
164	0.833209	0.699353
165	0.842227	0.705280
166	0.827364	0.694235
167	0.830758	0.705011
168	0.821118	0.696660
169	0.826723	0.704472
170	0.821221	0.693157
171	0.832367	0.703125
172	0.826138	0.695851
173	0.837520	0.704741
174	0.824363	0.696121
175	0.829688	0.708244
176	0.817465	0.700700
177	0.817774	0.707435
178	0.811107	0.706897
179	0.816929	0.704203
180	0.814591	0.695582
181	0.827302	0.705550
182	0.822446	0.694504
183	0.830399	0.705280
184	0.818060	0.693965
185	0.817935	0.706897
186	0.805110	0.693696
187	0.804328	0.704203
188	0.801478	0.692888
189	0.806866	0.706088
190	0.806809	0.701509
191	0.821921	0.703125
192	0.822095	0.694774
193	0.832801	0.708782
194	0.813869	0.695043
195	0.808993	0.710668
196	0.796301	0.701778
197	0.794824	0.708513
198	0.789871	0.702047
199	0.794164	0.714170
200	0.794795	0.697468
201	0.805307	0.713631
202	0.811159	0.700162
203	0.823701	0.711746
204	0.811734	0.702047
205	0.812270	0.702317
206	0.795106	0.696390
207	0.792091	0.703933
208	0.785235	0.696390
209	0.781612	0.704472
210	0.779808	0.698276
211	0.780853	0.702047
212	0.776930	0.699084
213	0.777429	0.706358
214	0.791855	0.706627
215	0.858361	0.668912
216	0.856446	0.688847
217	0.834505	0.702586
218	0.794883	0.695851
219	0.779614	0.706897
220	0.767349	0.708244
221	0.763994	0.728718
222	0.760840	0.710129
223	0.757943	0.715248
224	0.754001	0.718211
225	0.752697	0.710938
226	0.754175	0.713093
227	0.788215	0.706627
228	0.786690	0.701239
229	0.765792	0.700431
230	0.763773	0.713362
231	0.793601	0.721983
232	0.914205	0.699623
233	0.939536	0.662177
234	0.792090	0.702047
235	0.774166	0.703125
236	0.753921	0.728448
237	0.751200	0.713631
238	0.749820	0.727640
239	0.745736	0.722252
240	0.746350	0.712285
241	0.747045	0.709590
242	0.758475	0.709590
243	0.752130	0.705011
244	0.743956	0.723330
245	0.741088	0.719019
246	0.758113	0.711476
247	0.768971	0.711476
248	0.777983	0.717403
249	0.778344	0.710938
250	0.815133	0.680765
251	0.805874	0.707974
252	0.854200	0.687500
253	0.760637	0.718481
254	0.732752	0.736530
255	0.727628	0.731142
256	0.727930	0.727910
257	0.762149	0.720366
258	0.738688	0.728179
259	0.739067	0.733028
260	0.722284	0.728718
261	0.729101	0.735722
262	0.735990	0.717942
263	0.766802	0.723869
264	0.730019	0.722791
265	0.738809	0.716056
266	0.739760	0.721444
267	0.734595	0.724407
268	0.735814	0.720905
269	0.730508	0.733567
270	0.706605	0.737338
271	0.710691	0.732489
272	0.718764	0.750269
273	0.782781	0.714440
274	0.897256	0.672414
275	0.838822	0.715248
276	0.794843	0.704741
277	0.733987	0.723869
278	0.728289	0.727910
279	0.703573	0.735722
280	0.711423	0.740840
281	0.726522	0.728987
282	0.719344	0.735722
283	0.716241	0.738955
284	0.716158	0.742188
285	0.714323	0.735453
286	0.719797	0.733297
287	0.716161	0.734914
288	0.703662	0.738955
289	0.734779	0.720366
290	0.731892	0.730065
291	0.709705	0.739494
292	0.699676	0.734914
293	0.705219	0.737608
294	0.710603	0.734914
295	0.700087	0.741918
296	0.685076	0.750000
297	0.682987	0.746498
298	0.697411	0.743265
299	0.706305	0.735453
300	0.707022	0.737608
301	0.733370	0.736800
302	0.741871	0.720366
303	0.767917	0.701239
304	0.879946	0.713631
305	0.846847	0.699623
306	0.754316	0.717942
307	0.734617	0.740032
308	0.683821	0.744343
309	0.688055	0.749192
310	0.677310	0.751078
311	0.688694	0.747845
312	0.686358	0.742188
313	0.696285	0.745690
314	0.690471	0.742457
315	0.688608	0.741918
316	0.703451	0.737069
317	0.692587	0.743804
318	0.685020	0.741649
319	0.680001	0.746228
320	0.697400	0.743804
321	0.684475	0.739494
322	0.701851	0.738416
323	0.687733	0.742996
324	0.714404	0.731681
325	0.670211	0.743804
326	0.695437	0.742457
327	0.685544	0.742457
328	0.679397	0.741649
329	0.718935	0.738685
330	0.708618	0.733567
331	0.711431	0.738955
332	0.717600	0.735453
333	0.784183	0.717672
334	0.814661	0.721175
335	0.794905	0.705280
336	0.710290	0.733836
337	0.678732	0.749461
338	0.662565	0.755388
339	0.664415	0.754310
340	0.659153	0.756196
341	0.659574	0.751886
342	0.663264	0.752963
343	0.664206	0.757543
344	0.666793	0.755927
345	0.686342	0.741649
346	0.685141	0.750000
347	0.656655	0.757812
348	0.670633	0.752425
349	0.667455	0.750269
350	0.713530	0.737338
351	0.701872	0.744612
352	0.700577	0.736530
353	0.689134	0.741110
354	0.667591	0.748653
355	0.686070	0.754041
356	0.670559	0.740571
357	0.687109	0.752155
358	0.702726	0.737877
359	0.734366	0.728718
360	0.717861	0.740840
361	0.723512	0.744612
362	0.662381	0.746498
363	0.663927	0.752694
364	0.651083	0.758082
365	0.648031	0.754041
366	0.657483	0.753772
367	0.677740	0.745420
368	0.668753	0.748922
369	0.665146	0.755388
370	0.668684	0.748922
371	0.678725	0.749192
372	0.659014	0.752425
373	0.652189	0.755657
374	0.657810	0.759698
375	0.682531	0.746498
376	0.668398	0.754849
377	0.667372	0.748922
378	0.661150	0.751616
379	0.651826	0.750269
380	0.660037	0.751886
381	0.670709	0.746498
382	0.658638	0.754580
383	0.661438	0.745151
384	0.669195	0.755927
385	0.663961	0.752155
386	0.647673	0.754849
387	0.645640	0.759160
388	0.660665	0.746498
389	0.686874	0.749192
390	0.750782	0.733836
391	0.765194	0.713901
392	0.768647	0.721983
393	0.743785	0.724407
394	0.655104	0.748653
395	0.639835	0.757543
396	0.641683	0.761315
397	0.634033	0.762662
398	0.638341	0.755119
399	0.636641	0.761853
400	0.635391	0.756196
401	0.634147	0.756196
402	0.640711	0.762931
403	0.651270	0.753502
404	0.672609	0.751886
405	0.643390	0.758351
406	0.651801	0.760237
407	0.657912	0.750539
408	0.647905	0.755388
409	0.654111	0.750539
410	0.649539	0.752694
411	0.634463	0.757812
412	0.648443	0.754041
413	0.641999	0.762392
414	0.631537	0.758890
415	0.633671	0.757004
416	0.630695	0.757543
417	0.637231	0.761045
418	0.644782	0.757004
419	0.632307	0.759698
420	0.639109	0.759698
421	0.645143	0.752963
422	0.655899	0.755388
423	0.662653	0.750539
424	0.678638	0.746767
425	0.673858	0.741110
426	0.688880	0.745151
427	0.709138	0.738955
428	0.764799	0.710129
429	0.689269	0.739224
430	0.660675	0.750808
431	0.625915	0.764547
432	0.626847	0.761045
433	0.624320	0.764009
434	0.622352	0.759429
435	0.619176	0.765086
436	0.625014	0.762392
437	0.630823	0.758082
438	0.626101	0.763200
439	0.633676	0.755657
440	0.640362	0.755388
441	0.633574	0.755657
442	0.633427	0.752155
443	0.633419	0.754041
444	0.640422	0.752963
445	0.652303	0.755119
446	0.634743	0.762123
447	0.617633	0.765894
448	0.627719	0.753502
449	0.619091	0.757274
450	0.626094	0.759160
451	0.629824	0.760776
452	0.635012	0.757274
453	0.638645	0.759160
454	0.660698	0.747845
455	0.648214	0.750269
456	0.625877	0.757004
457	0.622415	0.760776
458	0.655671	0.748922
459	0.642196	0.753233
460	0.653555	0.754310
461	0.645982	0.750539
462	0.626424	0.759698
463	0.649097	0.748384
464	0.619824	0.759968
465	0.627390	0.755119
466	0.631985	0.759160
467	0.633170	0.755388
468	0.632556	0.758082
469	0.648746	0.748384
470	0.646326	0.754310
471	0.628461	0.758621
472	0.618238	0.762392
473	0.623344	0.758621
474	0.628343	0.754580
475	0.616660	0.757812
476	0.617515	0.762931
477	0.623681	0.752425
478	0.642703	0.752155
479	0.644265	0.761584
480	0.619308	0.763470
481	0.627506	0.758621
482	0.626238	0.752425
483	0.639504	0.757543
484	0.636978	0.744073
485	0.649674	0.754041
486	0.723950	0.737877
487	0.745412	0.714709
488	0.735233	0.735183
489	0.647674	0.758890
490	0.610317	0.764817
491	0.610754	0.764009
492	0.611244	0.758351
493	0.614242	0.757274
494	0.614822	0.765086
495	0.617825	0.757274
496	0.624337	0.761315
497	0.612129	0.759698
498	0.606093	0.762662
499	0.597804	0.761584
500	0.605825	0.761045
501	0.615083	0.754310
502	0.620880	0.758351
503	0.623838	0.757812
504	0.617815	0.758621
505	0.609792	0.757543
506	0.614058	0.762392
507	0.612177	0.757274
508	0.615996	0.755927
509	0.621321	0.759698
510	0.616507	0.759698
511	0.617303	0.762662
512	0.629941	0.756465
513	0.638297	0.751886
514	0.632118	0.753502
515	0.619072	0.760237
516	0.619270	0.763470
517	0.617477	0.757812
518	0.615662	0.761045
519	0.619173	0.756735
520	0.622004	0.755388
521	0.603418	0.764278
522	0.612961	0.765894
523	0.613930	0.760776
524	0.608919	0.760776
525	0.613119	0.760237
526	0.612997	0.764278
527	0.623895	0.759160
528	0.622601	0.754580
529	0.604271	0.763200
530	0.594411	0.765894
531	0.618432	0.761045
532	0.617875	0.757543
533	0.598737	0.767780
534	0.597322	0.765086
535	0.602845	0.759160
536	0.605458	0.762931
537	0.617896	0.762931
538	0.627011	0.756196
539	0.592178	0.768050
540	0.601733	0.759429
541	0.618324	0.760237
542	0.615345	0.759160
543	0.605181	0.764278
544	0.593758	0.758621
545	0.600707	0.763200
546	0.609082	0.761315
547	0.607188	0.764547
548	0.607333	0.759698
549	0.600717	0.755657
550	0.583741	0.761584
551	0.596048	0.763200
552	0.598413	0.765086
553	0.612743	0.753772
554	0.599265	0.761853
555	0.597359	0.763200
556	0.611278	0.758351
557	0.597677	0.762662
558	0.612136	0.760237
559	0.598071	0.759968
560	0.599991	0.766433
561	0.609431	0.764009
562	0.585809	0.769397
563	0.598715	0.764817
564	0.602728	0.764278
565	0.609419	0.761584
566	0.591123	0.759160
567	0.598199	0.757543
568	0.604409	0.768588
569	0.612790	0.759698
570	0.605033	0.756196
571	0.601465	0.763739
572	0.592862	0.763739
573	0.593744	0.766433
574	0.580936	0.764817
575	0.596388	0.762123
576	0.589533	0.767511
577	0.606937	0.761045
578	0.606910	0.758621
579	0.597953	0.766164
580	0.590754	0.768588
581	0.593525	0.764547
582	0.587329	0.769127
583	0.587785	0.765625
584	0.597021	0.763739
585	0.598196	0.764278
586	0.600701	0.764547
587	0.584492	0.767780
588	0.573572	0.771552
589	0.591254	0.764547
590	0.593822	0.757543
591	0.622322	0.760506
592	0.762667	0.741110
593	0.637151	0.753772
594	0.597764	0.758890
595	0.572226	0.777209
596	0.573153	0.771552
597	0.556230	0.775862
598	0.555251	0.783675
599	0.563157	0.774515
600	0.573485	0.772090
601	0.587024	0.768050
602	0.574410	0.771821
603	0.593331	0.762662
604	0.585735	0.769397
605	0.584476	0.769397
606	0.575358	0.763470
607	0.583169	0.768858
608	0.583927	0.762931
609	0.569513	0.778825
610	0.563401	0.774785
611	0.562121	0.774785
612	0.571517	0.773168
613	0.567572	0.771821
614	0.592565	0.765356
615	0.576630	0.768588
616	0.578902	0.771552
617	0.564445	0.778825
618	0.587603	0.769666
619	0.586589	0.767511
620	0.577602	0.768858
621	0.575068	0.774785
622	0.561416	0.776131
623	0.573450	0.770205
624	0.578811	0.773707
625	0.580885	0.772629
626	0.577713	0.770744
627	0.588050	0.769666
628	0.576644	0.766433
629	0.561564	0.775323
630	0.571049	0.774785
631	0.574174	0.765625
632	0.566161	0.773168
633	0.561937	0.771552
634	0.561453	0.774785
635	0.570558	0.768588
636	0.586523	0.770744
637	0.583994	0.767780
638	0.566934	0.772899
639	0.569194	0.771821
640	0.579814	0.765894
641	0.560030	0.776131
642	0.567005	0.770744
643	0.586746	0.764547
644	0.558076	0.775323
645	0.569597	0.768858
646	0.585223	0.766703
647	0.561011	0.772360
648	0.551659	0.779364
649	0.555033	0.780981
650	0.562432	0.769127
651	0.566881	0.778017
652	0.566302	0.773438
653	0.556471	0.775054
654	0.558780	0.776670
655	0.576650	0.771282
656	0.580628	0.767511
657	0.582260	0.767511
658	0.585866	0.766164
659	0.573278	0.768858
660	0.584616	0.769127
661	0.560708	0.776401
662	0.552685	0.775054
663	0.558699	0.773707
664	0.555728	0.780981
665	0.573789	0.764278
666	0.581606	0.761315
667	0.569529	0.768050
668	0.569774	0.773438
669	0.559938	0.779095
670	0.556834	0.773707
671	0.565611	0.775054
672	0.560424	0.773707
673	0.555439	0.775862
674	0.543635	0.780981
675	0.556408	0.777748
676	0.573177	0.773168
677	0.563992	0.771552
678	0.561174	0.776940
679	0.561969	0.768319
680	0.562603	0.772629
681	0.541974	0.783944
682	0.537973	0.779095
683	0.539279	0.779903
684	0.562824	0.771821
685	0.550316	0.780172
686	0.546857	0.775593
687	0.566634	0.775323
688	0.575420	0.768858
689	0.557163	0.775323
690	0.560826	0.773707
691	0.548803	0.780442
692	0.550847	0.778825
693	0.556828	0.774246
694	0.563460	0.772899
695	0.560871	0.772899
696	0.564475	0.764547
697	0.563143	0.776401
698	0.544265	0.776670
699	0.531408	0.781519
700	0.540286	0.777478
701	0.556521	0.774246
702	0.552801	0.776401
703	0.557881	0.773168
704	0.563153	0.771552
705	0.569225	0.772090
706	0.540503	0.780172
707	0.561501	0.772899
708	0.565555	0.774246
709	0.548254	0.775593
710	0.531592	0.786638
711	0.546626	0.780172
712	0.552966	0.777748
713	0.539464	0.779095
714	0.553141	0.776670
715	0.546591	0.780172
716	0.552348	0.776131
717	0.542911	0.784483
718	0.540746	0.773707
719	0.546056	0.775862
720	0.540590	0.776670
721	0.548738	0.786099
722	0.556190	0.772629
723	0.543019	0.781789
724	0.551152	0.773976
725	0.540645	0.783405
726	0.548312	0.777748
727	0.537320	0.784752
728	0.550911	0.777748
729	0.562603	0.770205
730	0.541149	0.780981
731	0.538222	0.779095
732	0.537997	0.787177
733	0.535433	0.784213
734	0.526005	0.787446
735	0.532293	0.785291
736	0.555246	0.767780
737	0.546215	0.777478
738	0.545233	0.781789
739	0.543297	0.777209
740	0.543662	0.783944
741	0.541124	0.778287
742	0.533444	0.786638
743	0.540903	0.776940
744	0.559778	0.775323
745	0.547085	0.773168
746	0.530802	0.783136
747	0.543508	0.778017
748	0.540937	0.779903
749	0.538001	0.778287
750	0.531220	0.782058
751	0.531999	0.778825
752	0.535589	0.779364
753	0.538522	0.782328
754	0.534727	0.780442
755	0.550467	0.776401
756	0.537018	0.776940
757	0.529755	0.780172
758	0.543427	0.775862
759	0.528740	0.783136
760	0.535848	0.782328
761	0.542998	0.778825
762	0.546067	0.779634
763	0.560025	0.774785
764	0.544328	0.781250
765	0.540468	0.774246
766	0.550531	0.768588
767	0.521567	0.789062
768	0.526713	0.780172
769	0.519783	0.786099
770	0.524108	0.778287
771	0.523969	0.787985
772	0.537621	0.782866
773	0.533947	0.775862
774	0.525087	0.784752
775	0.532414	0.777209
776	0.542778	0.780711
777	0.523690	0.785830
778	0.532186	0.780172
779	0.525314	0.788254
780	0.529254	0.781519
781	0.523926	0.785830
782	0.543453	0.776131
783	0.544542	0.775593
784	0.535162	0.781250
785	0.526260	0.779095
786	0.525893	0.788254
787	0.521113	0.785022
788	0.545290	0.778825
789	0.531493	0.779364
790	0.529865	0.777478
791	0.525617	0.783944
792	0.528576	0.777478
793	0.532414	0.779903
794	0.515188	0.787177
795	0.525243	0.782597
796	0.526204	0.778287
797	0.519269	0.785560
798	0.524886	0.778825
799	0.519973	0.785291
800	0.523221	0.782866
801	0.524089	0.786099
802	0.522265	0.785022
803	0.532791	0.782866
804	0.543830	0.780172
805	0.536668	0.779364
806	0.533819	0.786099
807	0.536520	0.783136
808	0.539180	0.778825
809	0.522294	0.777209
810	0.520792	0.789062
811	0.512422	0.783944
812	0.522528	0.783944
813	0.524491	0.783675
814	0.513068	0.781789
815	0.514452	0.787177
816	0.510489	0.790948
817	0.511117	0.787446
818	0.534812	0.775054
819	0.533316	0.780442
820	0.527776	0.781250
821	0.528978	0.781519
822	0.522865	0.782866
823	0.521380	0.779634
824	0.512402	0.783944
825	0.513194	0.785830
826	0.513717	0.782597
827	0.526675	0.783944
828	0.508183	0.790410
829	0.501976	0.786907
830	0.504463	0.791487
831	0.512604	0.784752
832	0.524024	0.782328
833	0.515292	0.786369
834	0.516378	0.785560
835	0.503639	0.794720
836	0.514799	0.782328
837	0.522932	0.783405
838	0.515304	0.787177
839	0.513328	0.787985
840	0.514083	0.787446
841	0.541210	0.779095
842	0.523446	0.783136
843	0.537142	0.776670
844	0.507328	0.787715
845	0.514879	0.780711
846	0.507711	0.788524
847	0.517858	0.789601
848	0.518465	0.783944
849	0.501259	0.788793
850	0.502999	0.789601
851	0.498600	0.795259
852	0.518898	0.784483
853	0.516507	0.786369
854	0.520998	0.782866
855	0.512215	0.788254
856	0.504929	0.793103
857	0.507213	0.792834
858	0.513306	0.789332
859	0.506197	0.789871
860	0.528009	0.782866
861	0.506018	0.789871
862	0.505435	0.791218
863	0.511533	0.785830
864	0.509607	0.789601
865	0.531526	0.784752
866	0.522117	0.783944
867	0.511922	0.780442
868	0.508089	0.795259
869	0.509732	0.787177
870	0.520241	0.789062
871	0.502434	0.788254
872	0.517300	0.783675
873	0.510509	0.789332
874	0.506994	0.782058
875	0.498777	0.786907
876	0.512853	0.785022
877	0.516745	0.782058
878	0.507634	0.787446
879	0.498827	0.789601
880	0.510505	0.783675
881	0.501306	0.786369
882	0.502517	0.789062
883	0.510981	0.786099
884	0.522835	0.780981
885	0.511451	0.783405
886	0.513162	0.782328
887	0.506351	0.787177
888	0.510034	0.787446
889	0.510065	0.791218
890	0.497399	0.784213
891	0.510777	0.787177
892	0.497999	0.790679
893	0.495496	0.792565
894	0.492360	0.794181
895	0.492847	0.787715
896	0.502911	0.791756
897	0.502231	0.787446
898	0.502498	0.792834
899	0.508200	0.789062
900	0.506938	0.793642
901	0.497590	0.787177
902	0.510077	0.785022
903	0.519398	0.783944
904	0.507426	0.780981
905	0.509582	0.787177
906	0.510240	0.787715
907	0.505984	0.791756
908	0.511314	0.787715
909	0.504814	0.787177
910	0.497466	0.792565
911	0.497657	0.785560
912	0.497486	0.793642
913	0.489147	0.792295
914	0.489248	0.795797
915	0.501565	0.794989
916	0.496313	0.792565
917	0.498521	0.789871
918	0.497854	0.793103
919	0.505938	0.785830
920	0.486146	0.796336
921	0.502425	0.790410
922	0.495269	0.795797
923	0.492363	0.794450
924	0.497487	0.785830
925	0.518441	0.785291
926	0.506590	0.785291
927	0.500642	0.794450
928	0.498104	0.788524
929	0.497209	0.789062
930	0.487037	0.792026
931	0.487068	0.790140
932	0.496994	0.788254
933	0.485744	0.796606
934	0.490098	0.791218
935	0.489301	0.795259
936	0.495200	0.789332
937	0.491393	0.793373
938	0.481439	0.801724
939	0.488369	0.799300
940	0.506143	0.789332
941	0.509173	0.785291
942	0.497852	0.790140
943	0.497708	0.793373
944	0.498513	0.790140
945	0.500208	0.789601
946	0.494053	0.792565
947	0.490143	0.790948
948	0.494428	0.793373
949	0.488801	0.795259
950	0.489482	0.790679
951	0.490320	0.795528
952	0.498824	0.787177
953	0.502447	0.786099
954	0.491272	0.791218
955	0.495936	0.790140
956	0.501581	0.788793
957	0.485200	0.793103
958	0.474829	0.795797
959	0.478730	0.796875
960	0.486101	0.791756
961	0.502370	0.785830
962	0.480769	0.792565
963	0.484437	0.787985
964	0.501482	0.797414
965	0.491483	0.792295
966	0.477872	0.793103
967	0.497383	0.789332
968	0.487741	0.794720
969	0.485898	0.796606
970	0.485710	0.792834
971	0.498134	0.784752
972	0.503749	0.791218
973	0.498146	0.792565
974	0.496539	0.785830
975	0.492619	0.790948
976	0.486197	0.793912
977	0.486158	0.793642
978	0.495798	0.790679
979	0.475966	0.798222
980	0.481852	0.793103
981	0.471317	0.794181
982	0.482098	0.797414
983	0.488075	0.796336
984	0.486457	0.783944
985	0.479585	0.798222
986	0.477387	0.794720
987	0.483288	0.787715
988	0.489206	0.786099
989	0.488448	0.795528
990	0.477151	0.793373
991	0.490940	0.789871
992	0.483188	0.787446
993	0.470785	0.802532
994	0.492704	0.790140
995	0.482609	0.789871
996	0.475425	0.796067
997	0.462259	0.800647
998	0.491244	0.794181
999	0.511639	0.785560
1000	0.494440	0.789332
1001	0.486263	0.790948
1002	0.476983	0.797953
1003	0.497648	0.783944
1004	0.467611	0.800916
1005	0.485168	0.793103
1006	0.490759	0.786638
1007	0.484854	0.791756
1008	0.479679	0.798222
1009	0.476579	0.793642
1010	0.497119	0.792026
1011	0.487654	0.797683
1012	0.489411	0.791487
1013	0.483832	0.791487
1014	0.478581	0.792026
1015	0.481964	0.788254
1016	0.487109	0.789062
1017	0.482556	0.784213
1018	0.482452	0.793373
1019	0.489377	0.790140
1020	0.470347	0.797683
1021	0.473251	0.797144
1022	0.479030	0.791487
1023	0.469110	0.796067
1024	0.473575	0.796606
1025	0.482754	0.793912
1026	0.481587	0.794720
1027	0.495115	0.791487
1028	0.482181	0.790948
1029	0.477898	0.798222
1030	0.486965	0.802532
1031	0.485742	0.787715
1032	0.480667	0.796875
1033	0.465659	0.798491
1034	0.471762	0.796067
1035	0.481283	0.794989
1036	0.468860	0.801724
1037	0.477070	0.796875
1038	0.488227	0.785022
1039	0.503002	0.794720
1040	0.466751	0.806035
1041	0.472131	0.793642
1042	0.466037	0.801994
1043	0.472506	0.794181
1044	0.473072	0.797414
1045	0.459676	0.801994
1046	0.468584	0.807920
1047	0.489739	0.791487
1048	0.462881	0.798491
1049	0.461948	0.796606
1050	0.477989	0.794181
1051	0.483056	0.796067
1052	0.472991	0.796606
1053	0.477698	0.792295
1054	0.477531	0.800108
1055	0.471630	0.792295
1056	0.473672	0.798222
1057	0.465153	0.800916
1058	0.472376	0.797414
1059	0.479650	0.793912
1060	0.473778	0.792026
1061	0.475432	0.796875
1062	0.464022	0.804418
1063	0.469279	0.800108
1064	0.471051	0.793373
1065	0.481558	0.798222
1066	0.473907	0.798761
1067	0.472011	0.797414
1068	0.465094	0.796336
1069	0.476667	0.787446
1070	0.469089	0.802263
1071	0.469484	0.793912
1072	0.460750	0.801994
1073	0.471312	0.801455
1074	0.460939	0.794989
1075	0.469228	0.797414
1076	0.480545	0.789601
1077	0.479542	0.796067
1078	0.471070	0.800647
1079	0.480611	0.791218
1080	0.465170	0.807381
1081	0.459373	0.802802
1082	0.474486	0.797953
1083	0.464531	0.801185
1084	0.460427	0.805496
1085	0.454271	0.801455
1086	0.441587	0.806304
1087	0.460028	0.803879
1088	0.461378	0.808459
1089	0.484660	0.789871
1090	0.459997	0.805765
1091	0.462834	0.797683
1092	0.456592	0.799569
1093	0.463807	0.801724
1094	0.483475	0.791487
1095	0.473363	0.799569
1096	0.468021	0.795528
1097	0.471772	0.799838
1098	0.466373	0.794989
1099	0.465690	0.794720
1100	0.464972	0.796606
1101	0.462364	0.799300
1102	0.459407	0.806304
1103	0.459661	0.798761
1104	0.471348	0.800377
1105	0.471069	0.800377
1106	0.478678	0.799569
1107	0.457861	0.802532
1108	0.457115	0.797144
1109	0.461692	0.798222
1110	0.455510	0.798491
1111	0.475188	0.789601
1112	0.471090	0.793373
1113	0.476127	0.792295
1114	0.454876	0.795797
1115	0.471264	0.796875
1116	0.467113	0.793373
1117	0.456915	0.801994
1118	0.453086	0.804149
1119	0.462458	0.806304
1120	0.454087	0.799838
1121	0.458222	0.803071
1122	0.460784	0.798761
1123	0.451722	0.806573
1124	0.456047	0.807651
1125	0.453878	0.797683
1126	0.463780	0.807112
1127	0.463349	0.801185
1128	0.457900	0.801994
1129	0.456001	0.799838
1130	0.465464	0.797144
1131	0.450925	0.798222
1132	0.463176	0.795528
1133	0.453201	0.806035
1134	0.457332	0.801994
1135	0.451594	0.803071
1136	0.465491	0.796067
1137	0.485372	0.793373
1138	0.469517	0.799030
1139	0.467121	0.798222
1140	0.465789	0.790679
1141	0.452434	0.805496
1142	0.462809	0.800108
1143	0.455235	0.804957
1144	0.457012	0.799569
1145	0.450198	0.806035
1146	0.464080	0.800377
1147	0.468589	0.796067
1148	0.462498	0.800377
1149	0.443440	0.807920
1150	0.439227	0.807651
1151	0.451761	0.806843
1152	0.457626	0.801455
1153	0.452403	0.803879
1154	0.455791	0.800916
1155	0.443156	0.804957
1156	0.443788	0.806843
1157	0.452378	0.807381
1158	0.448304	0.808190
1159	0.444737	0.802532
1160	0.462800	0.800108
1161	0.465351	0.798761
1162	0.464788	0.807112
1163	0.459622	0.796606
1164	0.460919	0.802532
1165	0.460075	0.794450
1166	0.453700	0.806573
1167	0.455041	0.800108
1168	0.460558	0.795528
1169	0.468039	0.802263
1170	0.465041	0.799030
1171	0.448353	0.797683
1172	0.464748	0.796336
1173	0.452589	0.804957
1174	0.454050	0.804688
1175	0.453878	0.798761
1176	0.449742	0.810614
1177	0.440824	0.803879
1178	0.439869	0.808728
1179	0.433620	0.805765
1180	0.456978	0.796067
1181	0.458153	0.799030
1182	0.450230	0.807920
1183	0.447843	0.804957
1184	0.442693	0.805496
1185	0.447795	0.803879
1186	0.451339	0.803071
1187	0.452616	0.806304
1188	0.461625	0.799300
1189	0.458616	0.799569
1190	0.462325	0.800647
1191	0.444526	0.801994
1192	0.458154	0.803071
1193	0.456430	0.796336
1194	0.454754	0.804149
1195	0.447523	0.806035
1196	0.447473	0.801994
1197	0.445407	0.809267
1198	0.443191	0.803340
1199	0.454784	0.804418
1200	0.460285	0.796067
1201	0.451003	0.802532
1202	0.439579	0.810075
1203	0.438925	0.803340
1204	0.437047	0.807651
1205	0.453411	0.804957
1206	0.444666	0.803071
1207	0.438445	0.812500
1208	0.452305	0.805496
1209	0.459034	0.793642
1210	0.446508	0.806304
1211	0.454261	0.796336
1212	0.455326	0.807920
1213	0.441351	0.806304
1214	0.437988	0.809537
1215	0.443166	0.807381
1216	0.445460	0.803071
1217	0.448310	0.802263
1218	0.455962	0.802802
1219	0.440544	0.807651
1220	0.434266	0.810884
1221	0.435767	0.814925
1222	0.443178	0.806035
1223	0.451071	0.797683
1224	0.432259	0.817619
1225	0.435558	0.803610
1226	0.439298	0.808998
1227	0.453927	0.799300
1228	0.465504	0.794720
1229	0.432763	0.803071
1230	0.431008	0.810884
1231	0.434667	0.806573
1232	0.439855	0.811692
1233	0.437013	0.803879
1234	0.444809	0.805765
1235	0.455857	0.796875
1236	0.444638	0.811692
1237	0.456908	0.799030
1238	0.446263	0.800108
1239	0.443483	0.807651
1240	0.443670	0.807920
1241	0.443904	0.807651
1242	0.440161	0.801994
1243	0.430400	0.815194
1244	0.443565	0.797414
1245	0.438698	0.809806
1246	0.443027	0.802263
1247	0.446767	0.803610
1248	0.442100	0.806035
1249	0.445877	0.809537
1250	0.446430	0.797953
1251	0.453919	0.803071
1252	0.448338	0.804149
1253	0.444002	0.801994
1254	0.429965	0.813039
1255	0.429839	0.807381
1256	0.431951	0.804149
1257	0.428424	0.808190
1258	0.435379	0.808459
1259	0.430536	0.807651
1260	0.443530	0.803340
1261	0.437709	0.808998
1262	0.429718	0.808998
1263	0.428629	0.812500
1264	0.445673	0.806843
1265	0.451908	0.800647
1266	0.433437	0.810884
1267	0.433340	0.808998
1268	0.439869	0.806304
1269	0.466099	0.794989
1270	0.441525	0.811961
1271	0.426543	0.810345
1272	0.447208	0.810075
1273	0.446530	0.800647
1274	0.447198	0.802802
1275	0.441762	0.803071
1276	0.445791	0.803610
1277	0.421934	0.806573
1278	0.425247	0.812500
1279	0.420640	0.814386
1280	0.421790	0.812231
1281	0.423286	0.811422
1282	0.436340	0.808190
1283	0.433458	0.809806
1284	0.444122	0.809267
1285	0.431798	0.811153
1286	0.431715	0.804149
1287	0.432074	0.808459
1288	0.439275	0.810884
1289	0.435490	0.807112
1290	0.447816	0.800647
1291	0.435690	0.807112
1292	0.441739	0.801455
1293	0.443362	0.803340
1294	0.432444	0.805496
1295	0.432311	0.814116
1296	0.424923	0.807651
1297	0.431857	0.807651
1298	0.426312	0.810075
1299	0.424076	0.810345
1300	0.427097	0.821390
1301	0.423428	0.813847
1302	0.424666	0.816002
1303	0.427575	0.813039
1304	0.443439	0.806304
1305	0.421644	0.821929
1306	0.441120	0.804957
1307	0.440162	0.808190
1308	0.437014	0.800916
1309	0.445298	0.801994
1310	0.426212	0.806035
1311	0.422090	0.810345
1312	0.412574	0.816272
1313	0.420949	0.816002
1314	0.427114	0.807381
1315	0.429955	0.813039
1316	0.422419	0.814116
1317	0.422564	0.816002
1318	0.421139	0.814925
1319	0.440022	0.808728
1320	0.434871	0.804688
1321	0.445457	0.809267
1322	0.429034	0.816810
1323	0.411624	0.819774
1324	0.417462	0.815194
1325	0.417006	0.818157
1326	0.429304	0.812231
1327	0.432291	0.806843
1328	0.443764	0.805226
1329	0.422446	0.815194
1330	0.428427	0.807112
1331	0.428897	0.807381
1332	0.427955	0.807381
1333	0.420076	0.813578
1334	0.426320	0.808459
1335	0.430884	0.809806
1336	0.431201	0.804688
1337	0.433454	0.812231
1338	0.432655	0.804149
1339	0.437492	0.811422
1340	0.422823	0.807112
1341	0.422474	0.818157
1342	0.420553	0.813308
1343	0.415908	0.816272
1344	0.417415	0.816272
1345	0.417020	0.810884
1346	0.426780	0.810884
1347	0.427191	0.807920
1348	0.425828	0.810614
1349	0.436228	0.802532
1350	0.435636	0.809537
1351	0.428552	0.802802
1352	0.431292	0.812500
1353	0.434468	0.801724
1354	0.438271	0.806035
1355	0.423987	0.811692
1356	0.420231	0.816272
1357	0.405610	0.823545
1358	0.410753	0.818427
1359	0.428748	0.812500
1360	0.418079	0.815463
1361	0.408457	0.816810
1362	0.420898	0.813847
1363	0.421111	0.810345
1364	0.416363	0.809267
1365	0.423992	0.818157
1366	0.432039	0.801455
1367	0.435482	0.810884
1368	0.431676	0.803610
1369	0.466074	0.795797
1370	0.422211	0.807112
1371	0.423898	0.810075
1372	0.419362	0.816272
1373	0.429990	0.809267
1374	0.423069	0.808190
1375	0.405185	0.817619
1376	0.421520	0.812500
1377	0.394876	0.830819
1378	0.416099	0.814655
1379	0.420829	0.814386
1380	0.419030	0.810614
1381	0.411110	0.813578
1382	0.415746	0.811961
1383	0.428763	0.808190
1384	0.437629	0.808190
1385	0.418698	0.809537
1386	0.411532	0.824084
1387	0.421676	0.812769
1388	0.415850	0.818965
1389	0.406445	0.819774
1390	0.417611	0.818427
1391	0.430777	0.799300
1392	0.433157	0.807381
1393	0.413918	0.817619
1394	0.402374	0.818696
1395	0.405889	0.812500
1396	0.414720	0.812231
1397	0.421769	0.812500
1398	0.411657	0.820043
1399	0.414777	0.814386
1400	0.421066	0.812231
1401	0.416328	0.809267
1402	0.416005	0.819235
1403	0.410995	0.813847
1404	0.411731	0.817619
1405	0.411539	0.809267
1406	0.427989	0.811153
1407	0.410996	0.813578
1408	0.415982	0.815463
1409	0.411403	0.820582
1410	0.416687	0.814116
1411	0.421548	0.814655
1412	0.408657	0.817080
1413	0.409762	0.815463
1414	0.421122	0.815733
1415	0.405925	0.814386
1416	0.437866	0.802263
1417	0.432524	0.803879
1418	0.446078	0.806304
1419	0.433714	0.799838
1420	0.417790	0.815463
1421	0.400669	0.820582
1422	0.411863	0.820582
1423	0.417471	0.820312
1424	0.416808	0.816002
1425	0.408535	0.825700
1426	0.405177	0.822468
1427	0.402455	0.819235
1428	0.411728	0.820043
1429	0.412955	0.814925
1430	0.400340	0.824623
1431	0.407131	0.811153
1432	0.410776	0.816002
1433	0.411711	0.812500
1434	0.420943	0.810614
1435	0.397200	0.821390
1436	0.411803	0.819504
1437	0.407964	0.817080
1438	0.407042	0.821390
1439	0.415045	0.817349
1440	0.421257	0.808998
1441	0.406806	0.821929
1442	0.388755	0.828125
1443	0.389428	0.822198
1444	0.413391	0.817619
1445	0.426492	0.808728
1446	0.404785	0.821660
1447	0.395112	0.819504
1448	0.399139	0.828394
1449	0.411861	0.820312
1450	0.421214	0.808728
1451	0.396354	0.822198
1452	0.417330	0.815733
1453	0.408336	0.812769
1454	0.424309	0.809267
1455	0.412039	0.813578
1456	0.429064	0.808728
1457	0.418107	0.812769
1458	0.400174	0.821660
1459	0.404993	0.816541
1460	0.415646	0.817080
1461	0.397845	0.817619
1462	0.399728	0.824892
1463	0.400065	0.821929
1464	0.401721	0.824084
1465	0.403935	0.816810
1466	0.404444	0.825431
1467	0.404960	0.812231
1468	0.407859	0.820312
1469	0.394639	0.818427
1470	0.400230	0.824353
1471	0.417145	0.812231
1472	0.431837	0.808190
1473	0.410039	0.808459
1474	0.406253	0.816272
1475	0.404632	0.813847
1476	0.402420	0.823815
1477	0.414819	0.815463
1478	0.408004	0.820043
1479	0.411810	0.813578
1480	0.382212	0.830550
1481	0.390023	0.823276
1482	0.400834	0.821390
1483	0.406646	0.817349
1484	0.404761	0.816002
1485	0.393862	0.828933
1486	0.398966	0.813578
1487	0.396946	0.825162
1488	0.407214	0.821390
1489	0.409985	0.814925
1490	0.389288	0.823006
1491	0.411406	0.821929
1492	0.391878	0.822198
1493	0.419272	0.817619
1494	0.434108	0.803610
1495	0.422390	0.811692
1496	0.407019	0.816810
1497	0.421512	0.811692
1498	0.403818	0.820312
1499	0.394001	0.828125
1500	0.394430	0.823276
1501	0.386962	0.829472
1502	0.397740	0.827317
1503	0.394276	0.815463
1504	0.412080	0.816002
1505	0.397767	0.817619
1506	0.407058	0.820582
1507	0.393834	0.828125
1508	0.403414	0.817080
1509	0.406149	0.820582
1510	0.397273	0.823276
1511	0.379158	0.830550
1512	0.402749	0.823545
1513	0.404425	0.826509
1514	0.407056	0.819235
1515	0.402600	0.822198
1516	0.388996	0.826509
1517	0.402605	0.817619
1518	0.395049	0.822198
1519	0.417378	0.815463
1520	0.408683	0.807920
1521	0.390708	0.823815
1522	0.403854	0.816002
1523	0.415994	0.816002
1524	0.408070	0.816002
1525	0.397842	0.827047
1526	0.388409	0.831627
1527	0.397587	0.823545
1528	0.405063	0.816541
1529	0.383547	0.830280
1530	0.385262	0.827856
1531	0.389368	0.826239
1532	0.379810	0.826778
1533	0.399610	0.824084
1534	0.395910	0.816541
1535	0.388162	0.827317
1536	0.384631	0.828394
1537	0.388104	0.830011
1538	0.401989	0.810075
1539	0.424237	0.812769
1540	0.412028	0.809806
1541	0.406855	0.816810
1542	0.394816	0.820043
1543	0.383603	0.828394
1544	0.386145	0.826509
1545	0.381631	0.832705
1546	0.390406	0.823545
1547	0.384313	0.823815
1548	0.385880	0.824623
1549	0.405230	0.820043
1550	0.396635	0.817619
1551	0.387752	0.832435
1552	0.392648	0.820582
1553	0.409851	0.821929
1554	0.397263	0.816541
1555	0.415271	0.815733
1556	0.401942	0.815463
1557	0.397798	0.825700
1558	0.409252	0.806035
1559	0.404919	0.818696
1560	0.394527	0.828125
1561	0.390388	0.829472
1562	0.376720	0.833244
1563	0.378093	0.835129
1564	0.392614	0.817349
1565	0.386955	0.830550
1566	0.385939	0.828125
1567	0.372954	0.835938
1568	0.397385	0.825162
1569	0.410618	0.820312
1570	0.391335	0.827586
1571	0.397705	0.815733
1572	0.386073	0.832166
1573	0.384384	0.821390
1574	0.425218	0.812500
1575	0.402102	0.806304
1576	0.393217	0.821660
1577	0.380087	0.824623
1578	0.386960	0.827047
1579	0.382490	0.829741
1580	0.376281	0.830550
1581	0.377917	0.830550
1582	0.371257	0.834590
1583	0.399077	0.823006
1584	0.389089	0.824623
1585	0.385885	0.835668
1586	0.384676	0.821660
1587	0.407091	0.819235
1588	0.407598	0.814116
1589	0.409459	0.812769
1590	0.375981	0.828933
1591	0.382440	0.823545
1592	0.394002	0.824084
1593	0.385093	0.823006
1594	0.377502	0.832435
1595	0.380760	0.824084
1596	0.384726	0.831088
1597	0.393624	0.810345
1598	0.401232	0.818965
1599	0.392148	0.820582
1600	0.393456	0.827047
1601	0.389942	0.814655
1602	0.408858	0.818696
1603	0.363070	0.835938
1604	0.371675	0.840787
1605	0.376334	0.832435
1606	0.402520	0.821660
1607	0.406138	0.816810
1608	0.393378	0.824353
1609	0.394599	0.819774
1610	0.391210	0.828664
1611	0.359656	0.830550
1612	0.382277	0.829203
1613	0.378462	0.822468
1614	0.401721	0.817349
1615	0.387028	0.816541
1616	0.378944	0.829472
1617	0.376234	0.825162
1618	0.380159	0.834321
1619	0.369500	0.832974
1620	0.374157	0.835938
1621	0.391072	0.825431
1622	0.371890	0.829472
1623	0.372322	0.837285
1624	0.380661	0.830550
1625	0.383557	0.824353
1626	0.383477	0.827047
1627	0.401479	0.814116
1628	0.412815	0.816272
1629	0.386268	0.824892
1630	0.382192	0.823006
1631	0.396640	0.809267
1632	0.404884	0.820043
1633	0.394035	0.814655
1634	0.380340	0.834321
1635	0.367565	0.828933
1636	0.365550	0.839709
1637	0.384386	0.825162
1638	0.384859	0.828125
1639	0.364992	0.841325
1640	0.391042	0.828125
1641	0.371320	0.832166
1642	0.376769	0.828394
1643	0.386182	0.823545
1644	0.393551	0.827586
1645	0.377243	0.831088
1646	0.367042	0.839440
1647	0.376258	0.827586
1648	0.376971	0.834052
1649	0.385531	0.817080
1650	0.418925	0.813308
1651	0.412479	0.811422
1652	0.397825	0.819235
1653	0.388655	0.817888
1654	0.392300	0.822737
1655	0.370225	0.831627
1656	0.361215	0.837015
1657	0.363935	0.830819
1658	0.361233	0.837285
1659	0.365358	0.836476
1660	0.371773	0.834590
1661	0.376999	0.827856
1662	0.385564	0.834860
1663	0.383677	0.820582
1664	0.391022	0.821660
1665	0.386430	0.819774
1666	0.384229	0.825431
1667	0.371020	0.831088
1668	0.365245	0.839440
1669	0.382182	0.826239
1670	0.396284	0.824892
1671	0.369026	0.835668
1672	0.371073	0.830550
1673	0.377381	0.827047
1674	0.367484	0.830550
1675	0.376523	0.830550
1676	0.379946	0.830280
1677	0.369332	0.842672
1678	0.378683	0.824892
1679	0.396028	0.821390
1680	0.370906	0.827047
1681	0.374365	0.832705
1682	0.388568	0.817888
1683	0.381202	0.828125
1684	0.392474	0.813847
1685	0.383154	0.826509
1686	0.374555	0.828125
1687	0.381072	0.829741
1688	0.375594	0.825970
1689	0.378988	0.836476
1690	0.379795	0.821660
1691	0.388008	0.825700
1692	0.361170	0.837015
1693	0.371114	0.833513
1694	0.361260	0.836207
1695	0.379018	0.829472
1696	0.388410	0.821929
1697	0.397598	0.823006
1698	0.379200	0.825162
1699	0.371057	0.837285
1700	0.372401	0.832974
1701	0.368946	0.836207
1702	0.376593	0.830819
1703	0.368132	0.836746
1704	0.378162	0.828933
1705	0.376011	0.835399
1706	0.373950	0.830819
1707	0.375347	0.833513
1708	0.383144	0.822468
1709	0.382575	0.831358
1710	0.374000	0.827317
1711	0.384684	0.825970
1712	0.367673	0.824892
1713	0.371164	0.836207
1714	0.369750	0.822198
1715	0.385200	0.830819
1716	0.372716	0.830280
1717	0.373234	0.827047
1718	0.359195	0.839440
1719	0.363382	0.841595
1720	0.363306	0.838631
1721	0.364047	0.839440
1722	0.367982	0.839170
1723	0.372711	0.834860
1724	0.370569	0.835668
1725	0.365999	0.829203
1726	0.399757	0.815463
1727	0.376373	0.823815
1728	0.388086	0.822468
1729	0.376813	0.821121
1730	0.393605	0.823545
1731	0.387702	0.823545
1732	0.363236	0.844019
1733	0.354519	0.842942
1734	0.366529	0.839709
1735	0.376521	0.824353
1736	0.356187	0.834860
1737	0.366805	0.829741
1738	0.361219	0.839978
1739	0.352398	0.838631
1740	0.351564	0.849138
1741	0.366271	0.835938
1742	0.365910	0.837285
1743	0.357721	0.835938
1744	0.375769	0.834590
1745	0.376930	0.827586
1746	0.385715	0.823815
1747	0.371846	0.827047
1748	0.376487	0.832435
1749	0.364511	0.822737
1750	0.373534	0.831627
1751	0.359427	0.831897
1752	0.376713	0.834860
1753	0.376152	0.823815
1754	0.383225	0.834590
1755	0.355160	0.838901
1756	0.386324	0.834590
1757	0.361975	0.840517
1758	0.362486	0.845636
1759	0.360199	0.835129
1760	0.368374	0.835129
1761	0.366932	0.831897
1762	0.404128	0.816810
1763	0.363722	0.834052
1764	0.362660	0.838362
1765	0.358833	0.830550
1766	0.362224	0.836207
1767	0.369537	0.825162
1768	0.393554	0.814116
1769	0.373657	0.820851
1770	0.378876	0.830280
1771	0.370223	0.833513
1772	0.367760	0.845366
1773	0.346169	0.849677
1774	0.356970	0.840787
1775	0.353554	0.841864
1776	0.375819	0.834860
1777	0.360454	0.839978
1778	0.356047	0.839440
1779	0.382466	0.827586
1780	0.360784	0.831897
1781	0.375768	0.825970
1782	0.383374	0.813039
1783	0.385220	0.827856
1784	0.357303	0.834052
1785	0.364059	0.836207
1786	0.353408	0.834321
1787	0.375661	0.828664
1788	0.357774	0.833782
1789	0.362793	0.835668
1790	0.344686	0.840787
1791	0.349518	0.849946
1792	0.342136	0.842672
1793	0.371351	0.833244
1794	0.381683	0.825162
1795	0.381608	0.829472
1796	0.367185	0.824353
1797	0.376238	0.825431
1798	0.369128	0.828933
1799	0.361530	0.835129
1800	0.353928	0.840248
1801	0.351515	0.843211
1802	0.357300	0.844289
1803	0.363734	0.839978
1804	0.346453	0.850215
1805	0.350058	0.848060
1806	0.341792	0.848869
1807	0.339450	0.852910
1808	0.351523	0.842403
1809	0.352613	0.839170
1810	0.385418	0.832166
1811	0.390263	0.815194
1812	0.398239	0.812231
1813	0.386913	0.817619
1814	0.397481	0.816810
1815	0.364459	0.825700
1816	0.359662	0.839709
1817	0.346189	0.840248
1818	0.360643	0.840787
1819	0.352484	0.838901
1820	0.345967	0.851024
1821	0.343906	0.842134
1822	0.344549	0.844289
1823	0.344241	0.844019
1824	0.354800	0.843481
1825	0.360692	0.832166
1826	0.372117	0.831358
1827	0.361105	0.828664
1828	0.387404	0.820582
1829	0.368755	0.831088
1830	0.369691	0.823815
1831	0.343347	0.841325
1832	0.370564	0.834321
1833	0.349610	0.848599
1834	0.351929	0.841595
1835	0.348206	0.851562
1836	0.355643	0.843211
1837	0.342607	0.850485
1838	0.340422	0.851832
1839	0.352419	0.845905
1840	0.347506	0.843750
1841	0.354696	0.839170
1842	0.349260	0.846175
1843	0.346070	0.844558
1844	0.351677	0.847791
1845	0.345642	0.839440
1846	0.372697	0.832435
1847	0.386076	0.812769
1848	0.441461	0.803071
1849	0.379359	0.825700
1850	0.367071	0.834860
1851	0.342602	0.839440
1852	0.339248	0.852371
1853	0.342004	0.843481
1854	0.348571	0.848869
1855	0.348737	0.844019
1856	0.346402	0.845905
1857	0.345735	0.848060
1858	0.341045	0.845366
1859	0.334458	0.850215
1860	0.342491	0.846713
1861	0.340860	0.855603
1862	0.354343	0.835668
1863	0.368334	0.835938
1864	0.357919	0.835938
1865	0.360296	0.841056
1866	0.352685	0.845097
1867	0.362097	0.832974
1868	0.359184	0.832705
1869	0.378699	0.828394
1870	0.353475	0.833513
1871	0.363831	0.836476
1872	0.357606	0.833513
1873	0.395076	0.821121
1874	0.359613	0.833782
1875	0.340185	0.853179
1876	0.346575	0.841864
1877	0.352048	0.847522
1878	0.343783	0.844558
1879	0.353229	0.840787
1880	0.353369	0.828394
1881	0.365747	0.838631
1882	0.356112	0.834321
1883	0.340682	0.853448
1884	0.348300	0.843750
1885	0.349361	0.848060
1886	0.336152	0.853179
1887	0.351698	0.839978
1888	0.365646	0.842942
1889	0.363106	0.829472
1890	0.353533	0.844019
1891	0.361580	0.828125
1892	0.389807	0.818965
1893	0.366118	0.826239
1894	0.376266	0.831088
1895	0.348960	0.833782
1896	0.344766	0.851832
1897	0.344405	0.840787
1898	0.336259	0.851293
1899	0.340924	0.844828
1900	0.352043	0.845636
1901	0.339736	0.847522
1902	0.349608	0.848599
1903	0.346963	0.841056
1904	0.376057	0.831088
1905	0.350499	0.839170
1906	0.347366	0.842403
1907	0.335772	0.847522
1908	0.331335	0.854526
1909	0.335102	0.844828
1910	0.344754	0.847522
1911	0.347228	0.833513
1912	0.371327	0.833244
1913	0.350578	0.836746
1914	0.353178	0.844558
1915	0.366123	0.832435
1916	0.357798	0.839978
1917	0.339373	0.842403
1918	0.341389	0.852640
1919	0.351601	0.832435
1920	0.374164	0.824623
1921	0.338589	0.844828
1922	0.360943	0.838362
1923	0.336072	0.845636
1924	0.331323	0.857489
1925	0.329322	0.855334
1926	0.330854	0.852371
1927	0.338350	0.850215
1928	0.340245	0.849677
1929	0.336882	0.857220
1930	0.340167	0.848330
1931	0.349865	0.847252
1932	0.336509	0.847252
1933	0.354495	0.841325
1934	0.346670	0.835938
1935	0.380524	0.821929
1936	0.365790	0.825970
1937	0.377484	0.825162
1938	0.355621	0.828933
1939	0.369458	0.832435
1940	0.332727	0.850485
1941	0.328374	0.848869
1942	0.323250	0.856681
1943	0.333108	0.850215
1944	0.342485	0.852640
1945	0.327857	0.853987
1946	0.333544	0.859106
1947	0.328308	0.861261
1948	0.334396	0.856950
1949	0.325342	0.857220
1950	0.331648	0.855873
1951	0.357739	0.835129
1952	0.373658	0.834321
1953	0.353529	0.827586
1954	0.391107	0.818696
1955	0.351688	0.832705
1956	0.355506	0.834321
1957	0.330649	0.850754
1958	0.356322	0.838362
1959	0.333111	0.851024
1960	0.342120	0.846983
1961	0.324961	0.856412
1962	0.321445	0.861800
1963	0.309505	0.863147
1964	0.331510	0.859644
1965	0.341710	0.842942
1966	0.333682	0.850485
1967	0.339836	0.840248
1968	0.354601	0.842134
1969	0.329874	0.849138
1970	0.346632	0.841864
1971	0.363030	0.827856
1972	0.380578	0.820582
1973	0.356173	0.834321
1974	0.359111	0.836746
1975	0.335731	0.847791
1976	0.347643	0.846713
1977	0.326917	0.854526
1978	0.334415	0.849677
1979	0.340563	0.847791
1980	0.338898	0.849138
1981	0.333815	0.849407
1982	0.330182	0.850754
1983	0.341869	0.841325
1984	0.350271	0.835938
1985	0.359431	0.825431
1986	0.389571	0.824084
1987	0.344777	0.836207
1988	0.346321	0.844828
1989	0.339722	0.847791
1990	0.331710	0.858028
1991	0.337100	0.851293
1992	0.327139	0.859375
1993	0.325871	0.856412
1994	0.330664	0.855873
1995	0.333434	0.850215
1996	0.340069	0.849407
1997	0.358079	0.825700
1998	0.361840	0.839440
1999	0.363135	0.823276
2000	0.371633	0.828394
2001	0.344974	0.834052
2002	0.348507	0.841864
2003	0.328931	0.851024
2004	0.315027	0.861800
2005	0.331619	0.849946
2006	0.344553	0.845366
2007	0.326533	0.845366
2008	0.352046	0.842403
2009	0.323433	0.856412
2010	0.326920	0.858297
2011	0.313989	0.862608
2012	0.318379	0.862338
2013	0.332168	0.855334
2014	0.336499	0.850215
2015	0.323684	0.855873
2016	0.361376	0.833513
2017	0.326826	0.852371
2018	0.341123	0.849407
2019	0.335491	0.849138
2020	0.362092	0.833782
2021	0.348751	0.833513
2022	0.354222	0.832974
2023	0.329795	0.843481
2024	0.340614	0.843481
2025	0.329383	0.846713
2026	0.334213	0.846175
2027	0.331084	0.844019
2028	0.333872	0.853718
2029	0.329767	0.851293
2030	0.334762	0.848599
2031	0.327761	0.852101
2032	0.312933	0.869343
2033	0.332991	0.852910
2034	0.337948	0.844828
2035	0.344172	0.840517
2036	0.346960	0.846444
2037	0.358028	0.825431
2038	0.354043	0.837285
2039	0.338380	0.844828
2040	0.330253	0.851024
2041	0.322929	0.848599
2042	0.345772	0.842134
2043	0.331742	0.851024
2044	0.317560	0.864494
2045	0.315988	0.860991
2046	0.323302	0.859375
2047	0.329725	0.841595
2048	0.353578	0.839170
2049	0.341192	0.838901
2050	0.353494	0.837554
2051	0.334511	0.842942
2052	0.354312	0.840248
2053	0.324739	0.848330
2054	0.338216	0.846983
2055	0.323288	0.857220
2056	0.316729	0.856950
2057	0.338673	0.839440
2058	0.351067	0.843481
2059	0.337944	0.844558
2060	0.340599	0.846713
2061	0.334489	0.852101
2062	0.318459	0.862877
2063	0.322304	0.859644
2064	0.303410	0.869073
2065	0.313035	0.864763
2066	0.313572	0.863147
2067	0.313254	0.860183
2068	0.323514	0.855334
2069	0.344389	0.842672
2070	0.343583	0.830011
2071	0.366945	0.826778
2072	0.358086	0.832435
2073	0.354399	0.837554
2074	0.320882	0.850754
2075	0.327533	0.855334
2076	0.319551	0.861800
2077	0.323116	0.859106
2078	0.317303	0.851832
2079	0.319070	0.860453
2080	0.312782	0.860991
2081	0.324614	0.856950
2082	0.329957	0.853987
2083	0.325060	0.852371
2084	0.323785	0.849946
2085	0.344547	0.853448
2086	0.322965	0.857489
2087	0.320404	0.863685
2088	0.310351	0.865032
2089	0.302484	0.873922
2090	0.313272	0.858028
2091	0.317234	0.862338
2092	0.336975	0.845097
2093	0.404889	0.806573
2094	0.349709	0.838362
2095	0.338240	0.846444
2096	0.320928	0.855334
2097	0.329604	0.850485
2098	0.309961	0.865032
2099	0.314466	0.865032
2100	0.333113	0.847252
2101	0.341063	0.854526
2102	0.342963	0.837554
2103	0.353984	0.835399
2104	0.321528	0.846983
2105	0.336944	0.846713
2106	0.318394	0.854256
2107	0.323568	0.856681
2108	0.315993	0.858836
2109	0.311332	0.858028
2110	0.323992	0.855873
2111	0.323276	0.858567
2112	0.311530	0.863685
2113	0.327273	0.853987
2114	0.329866	0.842403
2115	0.352062	0.833513
2116	0.326659	0.849407
2117	0.338769	0.844828
2118	0.326231	0.846175
2119	0.336571	0.847791
2120	0.315906	0.853987
2121	0.320307	0.855603
2122	0.326249	0.855873
2123	0.349379	0.845097
2124	0.320746	0.855873
2125	0.323918	0.852371
2126	0.315839	0.856142
2127	0.336083	0.847252
2128	0.314919	0.866918
2129	0.309661	0.863685
2130	0.308243	0.865302
2131	0.313194	0.868804
2132	0.330270	0.840787
2133	0.358203	0.834321
2134	0.341849	0.831627
2135	0.349400	0.836746
2136	0.341495	0.838631
2137	0.352927	0.835668
2138	0.317974	0.856681
2139	0.321667	0.850754
2140	0.299625	0.870151
2141	0.322934	0.853987
2142	0.318217	0.857220
2143	0.321865	0.861530
2144	0.307729	0.863955
2145	0.305218	0.866379
2146	0.295665	0.862877
2147	0.320750	0.857759
2148	0.307967	0.857759
2149	0.322035	0.858567
2150	0.318541	0.849138
2151	0.342400	0.842672
2152	0.327707	0.848330
2153	0.338819	0.845905
2154	0.315939	0.860183
2155	0.312113	0.866379
2156	0.306178	0.863416
2157	0.324840	0.856950
2158	0.315538	0.855603
2159	0.322964	0.853179
2160	0.295681	0.868535
2161	0.320910	0.858836
2162	0.314468	0.851562
2163	0.321614	0.855334
2164	0.312621	0.856412
2165	0.326975	0.856142
2166	0.322875	0.852910
2167	0.340443	0.843211
2168	0.319914	0.852371
2169	0.328533	0.856950
2170	0.304794	0.867996
2171	0.325472	0.854526
2172	0.340836	0.840517
2173	0.346679	0.838901
2174	0.323145	0.851562
2175	0.326092	0.852640
2176	0.332441	0.847522
2177	0.324187	0.852640
2178	0.323530	0.852101
2179	0.313624	0.863955
2180	0.301820	0.871228
2181	0.304246	0.863416
2182	0.316510	0.854795
2183	0.316722	0.856950
2184	0.328163	0.842942
2185	0.357945	0.836207
2186	0.322182	0.849407
2187	0.338374	0.849946
2188	0.312872	0.856681
2189	0.315732	0.860453
2190	0.295519	0.868535
2191	0.320004	0.861800
2192	0.303678	0.862069
2193	0.309030	0.861800
2194	0.319278	0.859375
2195	0.298273	0.869073
2196	0.308710	0.870151
2197	0.303181	0.872575
2198	0.308208	0.866918
2199	0.303353	0.867996
2200	0.308551	0.863955
2201	0.320122	0.859375
2202	0.338652	0.839440
2203	0.367693	0.828933
2204	0.361094	0.823815
2205	0.374220	0.821660
2206	0.315692	0.856412
2207	0.315943	0.865571
2208	0.297349	0.867188
2209	0.283429	0.880388
2210	0.294095	0.868804
2211	0.312973	0.862069
2212	0.287919	0.870420
2213	0.314347	0.858567
2214	0.317798	0.857489
2215	0.322115	0.857759
2216	0.303943	0.865032
2217	0.317536	0.851562
2218	0.299919	0.867457
2219	0.296687	0.868265
2220	0.302304	0.866649
2221	0.336769	0.841864
2222	0.325111	0.843750
2223	0.344873	0.841595
2224	0.312280	0.866649
2225	0.335553	0.850215
2226	0.309644	0.859644
2227	0.325224	0.852640
2228	0.320251	0.849138
2229	0.325766	0.853448
2230	0.295624	0.866918
2231	0.299853	0.869073
2232	0.317860	0.860183
2233	0.309505	0.866379
2234	0.307185	0.867188
2235	0.294544	0.870420
2236	0.305327	0.866649
2237	0.307668	0.864763
2238	0.314589	0.855334
2239	0.314563	0.854256
2240	0.312001	0.859644
2241	0.313344	0.853987
2242	0.315024	0.859106
2243	0.317727	0.853987
2244	0.326074	0.848060
2245	0.314498	0.852640
2246	0.340145	0.845366
2247	0.311190	0.854256
2248	0.321628	0.853987
2249	0.297140	0.869073
2250	0.305653	0.859914
2251	0.294243	0.865571
2252	0.312337	0.866110
2253	0.316871	0.847522
2254	0.327436	0.849138
2255	0.296122	0.861261
2256	0.310252	0.864224
2257	0.318034	0.848869
2258	0.319289	0.848599
2259	0.325660	0.848330
2260	0.319560	0.853987
2261	0.299251	0.872037
2262	0.301433	0.866918
2263	0.303309	0.860453
2264	0.305905	0.865302
2265	0.287474	0.877155
2266	0.293279	0.871767
2267	0.296040	0.872306
2268	0.298033	0.875269
2269	0.318793	0.856412
2270	0.317034	0.866110
2271	0.313766	0.858836
2272	0.330197	0.846175
2273	0.327668	0.840787
2274	0.346122	0.840248
2275	0.316621	0.854795
2276	0.317278	0.859914
2277	0.286300	0.874192
2278	0.298336	0.874731
2279	0.306944	0.861530
2280	0.312202	0.865302
2281	0.286341	0.875539
2282	0.289931	0.874731
2283	0.302303	0.873653
2284	0.291944	0.876347
2285	0.275277	0.886045
2286	0.296803	0.876078
2287	0.296363	0.870690
2288	0.292715	0.876347
2289	0.310000	0.864494
2290	0.309377	0.865571
2291	0.327086	0.857759
2292	0.304825	0.870690
2293	0.296108	0.870420
2294	0.299047	0.867996
2295	0.297330	0.873384
2296	0.289185	0.876886
2297	0.293339	0.870690
2298	0.298209	0.871767
2299	0.298113	0.872845
2300	0.312988	0.852640
2301	0.348220	0.835668
2302	0.373816	0.810614
2303	0.379186	0.821660
2304	0.322809	0.845097
2305	0.306712	0.863685
2306	0.288970	0.869881
2307	0.289688	0.876886
2308	0.289213	0.869612
2309	0.296125	0.873384
2310	0.288130	0.868804
2311	0.316986	0.861530
2312	0.295270	0.872037
2313	0.290226	0.877963
2314	0.288685	0.876886
2315	0.292943	0.873384
2316	0.289968	0.875000
2317	0.285301	0.874731
2318	0.297165	0.867996
2319	0.284457	0.872845
2320	0.322821	0.854795
2321	0.329352	0.848060
2322	0.345500	0.842403
2323	0.287680	0.876078
2324	0.289233	0.870420
2325	0.286771	0.870690
2326	0.286722	0.877963
2327	0.288259	0.870151
2328	0.322053	0.851562
2329	0.315111	0.855065
2330	0.319386	0.856412
2331	0.316776	0.848060
2332	0.330216	0.845366
2333	0.306343	0.860183
2334	0.300245	0.870690
2335	0.279369	0.881465
2336	0.278647	0.879580
2337	0.277305	0.875269
2338	0.296487	0.869612
2339	0.299577	0.858028
2340	0.314454	0.856142
2341	0.306338	0.859106
2342	0.320403	0.845097
2343	0.296355	0.863685
2344	0.294765	0.867188
2345	0.306626	0.862069
2346	0.308355	0.864763
2347	0.284011	0.882812
2348	0.285735	0.878502
2349	0.286725	0.876078
2350	0.288232	0.875539
2351	0.303843	0.868535
2352	0.319749	0.853448
2353	0.287887	0.873653
2354	0.293034	0.872037
2355	0.288904	0.875808
2356	0.299580	0.872306
2357	0.307768	0.857220
2358	0.320473	0.851024
2359	0.299022	0.862338
2360	0.297590	0.867726
2361	0.288694	0.866379
2362	0.311135	0.852910
2363	0.289779	0.866649
2364	0.311244	0.862338
2365	0.298878	0.868804
2366	0.302080	0.875269
2367	0.294089	0.874461
2368	0.285332	0.879580
2369	0.285409	0.875808
2370	0.287578	0.878772
2371	0.280153	0.876078
2372	0.300833	0.871498
2373	0.293380	0.874461
2374	0.284436	0.881196
2375	0.282372	0.877425
2376	0.280027	0.880119
2377	0.303399	0.869881
2378	0.309792	0.847791
2379	0.328178	0.844828
2380	0.333501	0.834590
2381	0.346760	0.834860
2382	0.312988	0.848869
2383	0.307261	0.861800
2384	0.287505	0.874192
2385	0.283445	0.877155
2386	0.275058	0.883890
2387	0.283850	0.874731
2388	0.282844	0.875000
2389	0.290054	0.872037
2390	0.290693	0.871228
2391	0.291323	0.872306
2392	0.287453	0.873114
2393	0.277278	0.879041
2394	0.289066	0.867726
2395	0.317141	0.854256
2396	0.298833	0.865840
2397	0.301358	0.864494
2398	0.279643	0.877425
2399	0.295784	0.865571
2400	0.297848	0.867188
2401	0.326549	0.849138
2402	0.308476	0.862069
2403	0.297788	0.870420
2404	0.273564	0.883890
2405	0.272089	0.888200
2406	0.278257	0.881465
2407	0.275324	0.878233
2408	0.288904	0.871498
2409	0.299065	0.869612
2410	0.286873	0.874192
2411	0.314685	0.859644
2412	0.296411	0.865840
2413	0.310758	0.861261
2414	0.289071	0.874461
2415	0.304147	0.863416
2416	0.277977	0.879041
2417	0.275331	0.881196
2418	0.280113	0.874731
2419	0.281612	0.886584
2420	0.285111	0.876886
2421	0.282995	0.882812
2422	0.278252	0.879310
2423	0.293438	0.874461
2424	0.276694	0.881196
2425	0.262210	0.888200
2426	0.268107	0.883621
2427	0.308060	0.859106
2428	0.309092	0.856412
2429	0.337779	0.837554
2430	0.320630	0.851562
2431	0.329160	0.849946
2432	0.285386	0.875000
2433	0.281357	0.879041
2434	0.278623	0.877694
2435	0.293939	0.865571
2436	0.282249	0.871228
2437	0.311541	0.855603
2438	0.286529	0.869343
2439	0.293417	0.872306
2440	0.283216	0.868265
2441	0.297452	0.869881
2442	0.274302	0.877694
2443	0.300296	0.861800
2444	0.280563	0.876078
2445	0.311162	0.863685
2446	0.279903	0.880927
2447	0.288053	0.875808
2448	0.282324	0.880927
2449	0.282941	0.873922
2450	0.278951	0.877425
2451	0.276086	0.884968
2452	0.264533	0.890086
2453	0.269537	0.884429
2454	0.278721	0.880927
2455	0.281925	0.876078
2456	0.273069	0.879849
2457	0.275391	0.878772
2458	0.284270	0.870151
2459	0.307334	0.860453
2460	0.318674	0.843211
2461	0.342327	0.840787
2462	0.320889	0.854795
2463	0.324781	0.848330
2464	0.276981	0.883082
2465	0.276167	0.883082
2466	0.266463	0.885237
2467	0.267897	0.887392
2468	0.261076	0.893050
2469	0.269770	0.889817
2470	0.269849	0.883082
2471	0.274931	0.879849
2472	0.282682	0.880388
2473	0.266120	0.886584
2474	0.284671	0.870420
2475	0.296924	0.866918
2476	0.312419	0.859914
2477	0.281017	0.874192
2478	0.282091	0.876886
2479	0.292311	0.864763
2480	0.310658	0.852910
2481	0.295795	0.860991
2482	0.302115	0.860183
2483	0.271780	0.885776
2484	0.264189	0.891433
2485	0.265054	0.894935
2486	0.257772	0.896821
2487	0.262173	0.888470
2488	0.283457	0.876347
2489	0.282380	0.877425
2490	0.280254	0.882274
2491	0.261651	0.890086
2492	0.274658	0.883082
2493	0.272231	0.881735
2494	0.285600	0.873653
2495	0.340886	0.846444
2496	0.314565	0.852640
2497	0.323924	0.852371
2498	0.304567	0.853987
2499	0.321342	0.851832
2500	0.276206	0.881196
2501	0.275789	0.879310
2502	0.268040	0.887662
2503	0.261176	0.891703
2504	0.262846	0.884429
2505	0.279922	0.877155
2506	0.280228	0.876078
2507	0.273912	0.880927
2508	0.263327	0.891433
2509	0.274226	0.883082
2510	0.271474	0.887392
2511	0.272701	0.886853
2512	0.276099	0.873653
2513	0.326770	0.846444
2514	0.279422	0.867996
2515	0.308822	0.859106
2516	0.296996	0.862069
2517	0.297643	0.867996
2518	0.272329	0.878233
2519	0.271973	0.879580
2520	0.258278	0.893319
2521	0.259135	0.893858
2522	0.261344	0.890625
2523	0.255885	0.891433
2524	0.270450	0.884968
2525	0.267045	0.884698
2526	0.284601	0.871767
2527	0.267371	0.882543
2528	0.267696	0.888200
2529	0.278048	0.879310
2530	0.290599	0.871228
2531	0.272849	0.876616
2532	0.280311	0.876616
2533	0.295437	0.869881
2534	0.335784	0.844019
2535	0.277371	0.874192
2536	0.295149	0.867188
2537	0.277851	0.876886
2538	0.302304	0.863147
2539	0.262999	0.884160
2540	0.277206	0.872575
2541	0.267163	0.883082
2542	0.286539	0.875539
2543	0.267489	0.884698
2544	0.287319	0.870959
2545	0.277556	0.878233
2546	0.280837	0.881196
2547	0.264076	0.887123
2548	0.278602	0.876616
2549	0.255130	0.892241
2550	0.260179	0.895205
2551	0.252753	0.894935
2552	0.252727	0.890356
2553	0.271320	0.883351
2554	0.264274	0.884429
2555	0.257964	0.889817
2556	0.251158	0.896013
2557	0.252893	0.890894
2558	0.255217	0.892511
2559	0.268186	0.887662
2560	0.274016	0.879849
2561	0.298277	0.861800
2562	0.328980	0.840787
2563	0.380242	0.815194
2564	0.286254	0.867457
2565	0.283413	0.875539
2566	0.267218	0.883351
2567	0.248093	0.894666
2568	0.252840	0.893050
2569	0.238912	0.902209
2570	0.260886	0.894127
2571	0.256277	0.891164
2572	0.291418	0.867996
2573	0.258696	0.896821
2574	0.262168	0.891703
2575	0.268216	0.884160
2576	0.280917	0.878502
2577	0.267075	0.876616
2578	0.285166	0.866379
2579	0.306059	0.860183
2580	0.330258	0.845636
2581	0.273207	0.875000
2582	0.283533	0.873384
2583	0.261514	0.887931
2584	0.260454	0.885776
2585	0.255066	0.895205
2586	0.251616	0.897899
2587	0.251060	0.894935
2588	0.251727	0.897090
2589	0.254476	0.892241
2590	0.256767	0.892241
2591	0.263428	0.890894
2592	0.260151	0.889278
2593	0.265509	0.883351
2594	0.260845	0.883621
2595	0.275218	0.876886
2596	0.260366	0.886584
2597	0.257401	0.889817
2598	0.256700	0.897629
2599	0.274225	0.875539
2600	0.303514	0.852371
2601	0.336959	0.839709
2602	0.321855	0.850485
2603	0.310225	0.857220
2604	0.275943	0.877425
2605	0.276272	0.879310
2606	0.252156	0.893319
2607	0.260667	0.883621
2608	0.254038	0.889278
2609	0.248168	0.898976
2610	0.247423	0.893319
2611	0.266180	0.882543
2612	0.264541	0.885237
2613	0.280572	0.884968
2614	0.260740	0.887931
2615	0.288594	0.871498
2616	0.262926	0.884429
2617	0.268948	0.877694
2618	0.255337	0.886853
2619	0.261307	0.884429
2620	0.251010	0.889547
2621	0.261338	0.892241
2622	0.271592	0.874461
2623	0.293007	0.869612
2624	0.271853	0.879310
2625	0.272047	0.882812
2626	0.253292	0.891433
2627	0.273880	0.877425
2628	0.257899	0.887662
2629	0.269153	0.884429
2630	0.253646	0.883621
2631	0.279347	0.874461
2632	0.258377	0.884698
2633	0.269937	0.886584
2634	0.263156	0.890086
2635	0.266111	0.882812
2636	0.251889	0.895205
2637	0.249223	0.898976
2638	0.248230	0.901131
2639	0.249841	0.890086
2640	0.275708	0.874461
2641	0.243909	0.895744
2642	0.245813	0.897360
2643	0.250162	0.889278
2644	0.265023	0.889009
2645	0.265482	0.889817
2646	0.281681	0.878233
2647	0.275659	0.876078
2648	0.329533	0.847252
2649	0.304671	0.851024
2650	0.299946	0.856681
2651	0.260108	0.882274
2652	0.254427	0.890356
2653	0.244656	0.898707
2654	0.252368	0.899515
2655	0.243176	0.901131
2656	0.252002	0.893858
2657	0.248524	0.893858
2658	0.293322	0.869881
2659	0.255791	0.889547
2660	0.249580	0.898438
2661	0.252400	0.888739
2662	0.264180	0.886584
2663	0.259613	0.887662
2664	0.274301	0.880119
2665	0.269982	0.877425
2666	0.286044	0.869881
2667	0.259478	0.884698
2668	0.280834	0.874461
2669	0.247868	0.893319
2670	0.265937	0.887392
2671	0.251428	0.891433
2672	0.255307	0.886045
2673	0.258199	0.886853
2674	0.250023	0.898976
2675	0.238295	0.904634
2676	0.244696	0.892511
2677	0.245311	0.894935
2678	0.259951	0.889547
2679	0.279774	0.869073
2680	0.302294	0.867188
2681	0.289612	0.865840
2682	0.303400	0.860991
2683	0.261196	0.882812
2684	0.279564	0.872845
2685	0.262571	0.885506
2686	0.263280	0.885506
2687	0.245728	0.893319
2688	0.233179	0.903825
2689	0.244210	0.897360
2690	0.251995	0.889278
2691	0.239638	0.903017
2692	0.235526	0.904364
2693	0.250816	0.891972
2694	0.242025	0.904095
2695	0.245546	0.891433
2696	0.254230	0.885776
2697	0.273363	0.878502
2698	0.279526	0.872575
2699	0.312582	0.854795
2700	0.294401	0.860183
2701	0.306966	0.858567
2702	0.271250	0.876886
2703	0.264288	0.882543
2704	0.244962	0.900593
2705	0.235990	0.906519
2706	0.251323	0.889547
2707	0.241777	0.899785
2708	0.235924	0.904364
2709	0.247930	0.897360
2710	0.237019	0.899785
2711	0.247066	0.897899
2712	0.244062	0.900593
2713	0.245573	0.897629
2714	0.240301	0.894666
2715	0.237543	0.904634
2716	0.232438	0.900862
2717	0.264819	0.886315
2718	0.275540	0.870690
2719	0.324529	0.845905
2720	0.285379	0.867188
2721	0.305983	0.859106
2722	0.254913	0.891703
2723	0.247885	0.895205
2724	0.243665	0.895205
2725	0.248961	0.893588
2726	0.238656	0.904364
2727	0.240212	0.903017
2728	0.244370	0.899515
2729	0.239592	0.904634
2730	0.236701	0.902478
2731	0.239624	0.905172
2732	0.237561	0.902748
2733	0.246491	0.894397
2734	0.231089	0.903017
2735	0.235447	0.901670
2736	0.261566	0.884429
2737	0.260159	0.883082
2738	0.264397	0.882274
2739	0.233546	0.901670
2740	0.247074	0.900054
2741	0.227729	0.908944
2742	0.263740	0.882004
2743	0.352644	0.829741
2744	0.333342	0.842672
2745	0.308607	0.855065
2746	0.247421	0.891433
2747	0.241014	0.901940
2748	0.234671	0.898438
2749	0.235021	0.902209
2750	0.235770	0.903825
2751	0.232334	0.911369
2752	0.240138	0.900323
2753	0.226474	0.909752
2754	0.230926	0.907866
2755	0.240007	0.905442
2756	0.239869	0.895744
2757	0.244067	0.895205
2758	0.236496	0.904095
2759	0.240169	0.901940
2760	0.252924	0.890894
2761	0.250463	0.890625
2762	0.236607	0.898707
2763	0.242438	0.902209
2764	0.277725	0.874731
2765	0.343906	0.832705
2766	0.295651	0.862338
2767	0.286920	0.872037
2768	0.256536	0.889009
2769	0.252038	0.890894
2770	0.234682	0.899515
2771	0.238082	0.901401
2772	0.230372	0.904634
2773	0.243098	0.896282
2774	0.226373	0.908136
2775	0.237136	0.903017
2776	0.231552	0.904634
2777	0.246156	0.902209
2778	0.238437	0.900593
2779	0.243843	0.894397
2780	0.271598	0.876886
2781	0.251839	0.889817
2782	0.284112	0.862338
2783	0.268707	0.878502
2784	0.281021	0.872845
2785	0.278672	0.872306
2786	0.265763	0.880657
2787	0.245344	0.894127
2788	0.263233	0.880388
2789	0.228712	0.907058
2790	0.231066	0.907328
2791	0.231201	0.902209
2792	0.254890	0.892241
2793	0.242778	0.897899
2794	0.212340	0.913254
2795	0.226178	0.907597
2796	0.236717	0.904095
2797	0.239327	0.896552
2798	0.254290	0.892241
2799	0.236843	0.899246
2800	0.241782	0.900054
2801	0.232185	0.901131
2802	0.242826	0.896821
2803	0.252687	0.886584
2804	0.301286	0.855873
2805	0.300766	0.860991
2806	0.314724	0.851293
2807	0.275416	0.876886
2808	0.261503	0.884160
2809	0.235647	0.903017
2810	0.224103	0.907328
2811	0.218254	0.911638
2812	0.227456	0.906789
2813	0.230635	0.902209
2814	0.237282	0.898976
2815	0.232019	0.900323
2816	0.235293	0.902748
2817	0.232110	0.896282
2818	0.252795	0.892241
2819	0.249121	0.888470
2820	0.271433	0.878233
2821	0.245447	0.890356
2822	0.265312	0.877155
2823	0.253601	0.883621
2824	0.246311	0.894935
2825	0.235671	0.899246
2826	0.232026	0.904634
2827	0.227189	0.907597
2828	0.220713	0.910830
2829	0.228405	0.904634
2830	0.263495	0.882812
2831	0.280810	0.881196
2832	0.288724	0.864224
2833	0.282977	0.876616
2834	0.298718	0.866649
2835	0.251346	0.891433
2836	0.238125	0.897629
2837	0.216247	0.912446
2838	0.220913	0.910291
2839	0.218810	0.912715
2840	0.224581	0.905711
2841	0.228881	0.902209
2842	0.244944	0.896821
2843	0.224883	0.903287
2844	0.215339	0.910560
2845	0.221185	0.910830
2846	0.222779	0.910830
2847	0.224460	0.903017
2848	0.239574	0.891972
2849	0.235505	0.899785
2850	0.236219	0.903287
2851	0.243219	0.890894
2852	0.248832	0.891972
2853	0.297140	0.868804
2854	0.263306	0.877963
2855	0.285306	0.865571
2856	0.282851	0.867996
2857	0.277951	0.873922
2858	0.246774	0.888739
2859	0.255024	0.885506
2860	0.229331	0.901940
2861	0.221745	0.902478
2862	0.229854	0.905711
2863	0.231557	0.901940
2864	0.210769	0.912177
2865	0.218933	0.912446
2866	0.230835	0.904095
2867	0.228460	0.908675
2868	0.246297	0.893319
2869	0.241779	0.897899
2870	0.254165	0.889817
2871	0.228327	0.900323
2872	0.259839	0.887123
2873	0.231170	0.903287
2874	0.247532	0.889547
2875	0.245953	0.892241
2876	0.240677	0.894127
2877	0.223409	0.903825
2878	0.237238	0.902209
2879	0.227381	0.904095
2880	0.232219	0.907328
2881	0.220021	0.906250
2882	0.229634	0.902478
2883	0.240796	0.893858
2884	0.229669	0.902209
2885	0.211972	0.911638
2886	0.220739	0.910830
2887	0.246381	0.895474
2888	0.255011	0.887662
2889	0.241970	0.892511
2890	0.259271	0.884698
2891	0.286174	0.867996
2892	0.316069	0.846713
2893	0.261171	0.882004
2894	0.256796	0.889278
2895	0.229684	0.903017
2896	0.235251	0.905442
2897	0.218784	0.913793
2898	0.222486	0.904364
2899	0.207104	0.918373
2900	0.228281	0.910022
2901	0.226486	0.905172
2902	0.220031	0.908944
2903	0.218887	0.903017
2904	0.227062	0.903017
2905	0.224430	0.904095
2906	0.219260	0.909483
2907	0.217669	0.910830
2908	0.220860	0.906789
2909	0.256993	0.884698
2910	0.235894	0.897899
2911	0.259767	0.884429
2912	0.283854	0.873653
2913	0.298164	0.860183
2914	0.255487	0.887931
2915	0.241541	0.896821
2916	0.219081	0.908675
2917	0.220896	0.904634
2918	0.221206	0.902209
2919	0.221662	0.904634
2920	0.211550	0.911099
2921	0.214572	0.911369
2922	0.206699	0.916756
2923	0.219746	0.909213
2924	0.239257	0.897360
2925	0.254695	0.885506
2926	0.241502	0.897360
2927	0.251652	0.888200
2928	0.222967	0.900593
2929	0.250175	0.890086
2930	0.261098	0.879849
2931	0.271100	0.875000
2932	0.228451	0.902209
2933	0.237548	0.893050
2934	0.227522	0.901940
2935	0.238234	0.894666
2936	0.216088	0.905711
2937	0.252438	0.887931
2938	0.238535	0.893858
2939	0.249303	0.891972
2940	0.232031	0.902478
2941	0.225148	0.898976
2942	0.210821	0.909752
2943	0.247493	0.887662
2944	0.211803	0.912985
2945	0.218242	0.905442
2946	0.218409	0.904095
2947	0.225781	0.900862
2948	0.214667	0.909483
2949	0.238333	0.899246
2950	0.228480	0.903017
2951	0.227443	0.902748
2952	0.230150	0.902478
2953	0.251325	0.887662
2954	0.238828	0.892511
2955	0.250850	0.882274
2956	0.230056	0.898707
2957	0.243835	0.889009
2958	0.219622	0.905442
2959	0.228626	0.906519
2960	0.220847	0.907597
2961	0.215844	0.909752
2962	0.201605	0.925108
2963	0.215220	0.913254
2964	0.215221	0.910291
2965	0.246263	0.886045
2966	0.251280	0.884698
2967	0.291486	0.859375
2968	0.231525	0.898707
2969	0.227743	0.903556
2970	0.214041	0.912715
2971	0.212863	0.916487
2972	0.213986	0.910830
2973	0.210991	0.916218
2974	0.220840	0.904903
2975	0.235675	0.896821
2976	0.261637	0.883621
2977	0.262008	0.883890
2978	0.246023	0.894666
2979	0.239082	0.894935
2980	0.221325	0.905981
2981	0.217208	0.905711
2982	0.205119	0.917295
2983	0.211602	0.908675
2984	0.207458	0.918103
2985	0.239942	0.898707
2986	0.201291	0.916218
2987	0.218040	0.910022
2988	0.229189	0.903825
2989	0.251405	0.888470
2990	0.204191	0.914332
2991	0.212146	0.911369
2992	0.224403	0.902748
2993	0.253998	0.889547
2994	0.232483	0.901131
2995	0.247353	0.895744
2996	0.224045	0.909483
2997	0.236529	0.895474
2998	0.210479	0.913254
2999	0.226531	0.897629
3000	0.208917	0.911369
Test result: Loss= 0.217162, Accuracy= 0.90679