########

## 	Model: LSTSM with N=128

########

1	2.222059	0.052802
2	2.223254	0.051724
3	2.222424	0.050377
4	2.222225	0.048491
5	2.222842	0.049838
6	2.220738	0.053341
7	2.223218	0.047414
8	2.219801	0.057112
9	2.218379	0.058728
10	2.216310	0.061153
11	2.217985	0.056304
12	2.216912	0.051724
13	2.215981	0.057112
14	2.216923	0.051455
15	2.214681	0.058728
16	2.213863	0.051185
17	2.212505	0.057651
18	2.212792	0.056304
19	2.211563	0.060075
20	2.209978	0.058998
21	2.210721	0.053341
22	2.209023	0.058998
23	2.207143	0.065194
24	2.205949	0.065733
25	2.206537	0.060614
26	2.204389	0.067349
27	2.205224	0.062500
28	2.202964	0.064116
29	2.201372	0.071659
30	2.200767	0.067080
31	2.199311	0.071121
32	2.196990	0.074084
33	2.196699	0.071929
34	2.194907	0.089170
35	2.193007	0.084591
36	2.192214	0.084052
37	2.191053	0.093211
38	2.190112	0.093211
39	2.188604	0.095905
40	2.187192	0.097252
41	2.185769	0.103179
42	2.185297	0.101024
43	2.182095	0.108297
44	2.179591	0.124192
45	2.177698	0.125808
46	2.176842	0.131466
47	2.173456	0.141433
48	2.172563	0.141972
49	2.169759	0.149784
50	2.169044	0.153825
51	2.167397	0.159752
52	2.164604	0.173491
53	2.163140	0.193157
54	2.158386	0.197737
55	2.157875	0.214170
56	2.155330	0.225485
57	2.153287	0.238416
58	2.148410	0.251886
59	2.145474	0.269397
60	2.144512	0.273707
61	2.140853	0.292026
62	2.137415	0.314386
63	2.135362	0.330011
64	2.132416	0.342403
65	2.129022	0.363147
66	2.124639	0.384159
67	2.121976	0.407597
68	2.118119	0.413793
69	2.114086	0.432381
70	2.111371	0.444235
71	2.107073	0.471175
72	2.104805	0.484375
73	2.100589	0.505927
74	2.097732	0.522360
75	2.093143	0.534752
76	2.087626	0.547144
77	2.084399	0.567888
78	2.079552	0.581358
79	2.076319	0.594019
80	2.072182	0.607220
81	2.065744	0.619073
82	2.061267	0.627963
83	2.055506	0.632812
84	2.053072	0.634429
85	2.048514	0.640356
86	2.043019	0.643858
87	2.036283	0.644666
88	2.034425	0.645205
89	2.028271	0.646552
90	2.023239	0.650862
91	2.017837	0.653017
92	2.012196	0.653017
93	2.005884	0.653017
94	2.001399	0.652748
95	1.995708	0.654095
96	1.988684	0.653825
97	1.982465	0.654903
98	1.976471	0.654634
99	1.972063	0.654903
100	1.964127	0.655172
101	1.958994	0.655172
102	1.953042	0.654903
103	1.944583	0.655172
104	1.938390	0.655172
105	1.930157	0.655172
106	1.924134	0.655172
107	1.916861	0.655172
108	1.908244	0.655172
109	1.898935	0.655172
110	1.893652	0.655172
111	1.885579	0.655172
112	1.877802	0.655172
113	1.868590	0.655172
114	1.859456	0.655172
115	1.849327	0.655172
116	1.838269	0.655172
117	1.831380	0.655172
118	1.820837	0.655172
119	1.811507	0.655172
120	1.799441	0.655172
121	1.790735	0.655172
122	1.779495	0.655172
123	1.764828	0.655172
124	1.755078	0.655172
125	1.741354	0.655172
126	1.727771	0.655172
127	1.715830	0.655172
128	1.701097	0.655172
129	1.686637	0.655172
130	1.674707	0.655172
131	1.658974	0.655172
132	1.645414	0.655172
133	1.628201	0.655172
134	1.611015	0.655172
135	1.595044	0.655172
136	1.578685	0.655172
137	1.563228	0.655172
138	1.546428	0.655172
139	1.533113	0.655172
140	1.512274	0.655172
141	1.501696	0.655172
142	1.481124	0.655172
143	1.470383	0.655172
144	1.460981	0.655172
145	1.441264	0.655172
146	1.431116	0.655172
147	1.421309	0.655172
148	1.409853	0.655172
149	1.403127	0.655172
150	1.392756	0.655172
151	1.385491	0.655172
152	1.376413	0.655172
153	1.365573	0.655172
154	1.360169	0.655172
155	1.352652	0.655172
156	1.345475	0.655172
157	1.336604	0.655172
158	1.330915	0.655172
159	1.322880	0.655172
160	1.317129	0.655172
161	1.308630	0.655172
162	1.300026	0.655172
163	1.291081	0.655172
164	1.283216	0.655172
165	1.272772	0.655172
166	1.264872	0.655172
167	1.254048	0.655172
168	1.242246	0.655172
169	1.226098	0.655172
170	1.213095	0.655172
171	1.198485	0.655172
172	1.181584	0.655172
173	1.167271	0.655172
174	1.167026	0.655172
175	1.132777	0.655172
176	1.134132	0.655172
177	1.110673	0.655172
178	1.135762	0.655172
179	1.076107	0.655172
180	1.061976	0.655172
181	1.062519	0.655172
182	1.129427	0.655172
183	1.147438	0.655172
184	1.104221	0.655172
185	1.058703	0.655172
186	1.027591	0.655172
187	1.015952	0.655172
188	1.007414	0.655172
189	0.998005	0.655172
190	0.992322	0.655172
191	0.987735	0.655172
192	0.993289	0.655172
193	1.013940	0.655172
194	1.093438	0.655172
195	1.021526	0.655172
196	0.963500	0.655172
197	0.955792	0.655172
198	0.950940	0.655172
199	0.957411	0.655172
200	1.013302	0.655172
201	0.936700	0.655172
202	0.942361	0.655172
203	0.996283	0.655172
204	1.098501	0.655172
205	1.029402	0.655172
206	0.949834	0.655172
207	0.929483	0.655172
208	0.941612	0.655172
209	0.929966	0.655172
210	0.974442	0.655172
211	0.910016	0.655172
212	0.911361	0.655172
213	0.925871	0.655172
214	1.000934	0.655172
215	0.900849	0.655172
216	0.911554	0.655172
217	0.973687	0.655172
218	0.889486	0.655172
219	0.887323	0.655172
220	0.898954	0.655172
221	0.985894	0.655172
222	0.876180	0.655172
223	0.872785	0.655172
224	0.870262	0.655172
225	0.876550	0.655172
226	0.988770	0.655172
227	1.109201	0.655442
228	1.032532	0.655172
229	0.945165	0.655172
230	0.866504	0.655172
231	0.865733	0.655172
232	0.864575	0.655172
233	0.869238	0.655172
234	0.901958	0.655442
235	0.876355	0.655172
236	0.934629	0.655711
237	0.850997	0.655172
238	0.857190	0.655172
239	0.874002	0.655442
240	0.954667	0.655442
241	0.843875	0.655442
242	0.840130	0.655442
243	0.839521	0.655172
244	0.837278	0.655172
245	0.842248	0.655442
246	0.911250	0.657058
247	0.952854	0.655442
248	1.074019	0.657597
249	0.975413	0.656519
250	0.862721	0.655442
251	0.844834	0.655981
252	0.854037	0.655981
253	0.846295	0.655981
254	0.874862	0.657328
255	0.847320	0.655711
256	0.883705	0.658405
257	0.843643	0.655442
258	0.875035	0.657866
259	0.847956	0.656250
260	0.893735	0.663254
261	0.832456	0.658675
262	0.858896	0.662446
263	0.850831	0.658675
264	0.912823	0.675916
265	0.821577	0.660291
266	0.823515	0.667834
267	0.834034	0.662177
268	0.889958	0.680226
269	0.837503	0.663524
270	0.893099	0.679688
271	0.828375	0.664871
272	0.862139	0.680226
273	0.841567	0.666487
274	0.902791	0.686153
275	0.813248	0.669181
276	0.819631	0.686961
277	0.830028	0.669720
278	0.887334	0.694235
279	0.822359	0.677532
280	0.855381	0.687769
281	0.833313	0.675647
282	0.886813	0.693427
283	0.810964	0.679149
284	0.827085	0.684537
285	0.826442	0.678610
286	0.872472	0.692888
287	0.817912	0.677532
288	0.848474	0.694504
289	0.822035	0.683728
290	0.860436	0.695043
291	0.814343	0.683190
292	0.839838	0.691002
293	0.816113	0.685884
294	0.851022	0.692349
295	0.811419	0.682651
296	0.835291	0.699353
297	0.808879	0.681304
298	0.836610	0.698276
299	0.811153	0.681304
300	0.836992	0.697198
301	0.809885	0.682651
302	0.833033	0.693965
303	0.804596	0.683728
304	0.828844	0.698006
305	0.802788	0.684537
306	0.827072	0.697468
307	0.802658	0.681573
308	0.823150	0.702047
309	0.800068	0.685345
310	0.818924	0.704741
311	0.797873	0.688578
312	0.817486	0.696121
313	0.797851	0.680765
314	0.818287	0.698815
315	0.795298	0.685614
316	0.812295	0.704472
317	0.790100	0.685614
318	0.806593	0.697468
319	0.789857	0.690194
320	0.804369	0.700970
321	0.789567	0.688308
322	0.806330	0.699892
323	0.792374	0.685345
324	0.812716	0.692619
325	0.787772	0.684806
326	0.799152	0.703125
327	0.784086	0.687231
328	0.793113	0.693965
329	0.781654	0.684806
330	0.792718	0.702317
331	0.784105	0.680226
332	0.798981	0.696929
333	0.786045	0.686422
334	0.806456	0.700431
335	0.783270	0.688039
336	0.792279	0.700162
337	0.773075	0.690463
338	0.777442	0.699353
339	0.767544	0.692888
340	0.772827	0.696390
341	0.769461	0.691002
342	0.780706	0.705280
343	0.782711	0.685884
344	0.813764	0.699892
345	0.796376	0.689116
346	0.822015	0.698815
347	0.769373	0.694504
348	0.766681	0.696660
349	0.753700	0.693965
350	0.752128	0.692080
351	0.749919	0.690733
352	0.749588	0.692619
353	0.748995	0.693965
354	0.749264	0.695582
355	0.753080	0.693965
356	0.772419	0.705011
357	0.859273	0.682112
358	1.029414	0.631465
359	0.751404	0.688578
360	0.749188	0.691541
361	0.749311	0.692349
362	0.746105	0.694774
363	0.746635	0.696121
364	0.745818	0.692349
365	0.744089	0.689386
366	0.744669	0.690463
367	0.744103	0.689925
368	0.741971	0.692888
369	0.742856	0.694235
370	0.741632	0.697198
371	0.741400	0.694774
372	0.740812	0.690463
373	0.738301	0.700162
374	0.738852	0.695312
375	0.741645	0.694235
376	0.759649	0.696929
377	0.994076	0.681843
378	1.200481	0.592942
379	0.757429	0.702317
380	0.742097	0.690463
381	0.740869	0.692888
382	0.740004	0.697737
383	0.740355	0.691002
384	0.739274	0.701778
385	0.740150	0.691272
386	0.737864	0.699084
387	0.737663	0.702856
388	0.738599	0.700700
389	0.737785	0.698276
390	0.736998	0.698276
391	0.736269	0.702856
392	0.736579	0.695851
393	0.736670	0.695582
394	0.736649	0.690463
395	0.736427	0.691002
396	0.734327	0.696390
397	0.734412	0.696121
398	0.732754	0.702047
399	0.733557	0.692619
400	0.733123	0.697198
401	0.733431	0.697468
402	0.741973	0.694235
403	0.809785	0.700162
404	1.659422	0.665948
405	1.014902	0.630388
406	0.789116	0.694235
407	0.751361	0.701778
408	0.740910	0.707705
409	0.739306	0.696121
410	0.737457	0.692619
411	0.735381	0.703664
412	0.735264	0.700162
413	0.735664	0.692080
414	0.735306	0.692619
415	0.735328	0.692349
416	0.734789	0.694235
417	0.734279	0.699623
418	0.735001	0.695582
419	0.734002	0.696929
420	0.733232	0.695312
421	0.733302	0.694235
422	0.731906	0.700700
423	0.731529	0.700700
424	0.732799	0.695043
425	0.731924	0.699084
426	0.731545	0.695582
427	0.731685	0.692888
428	0.730330	0.698006
429	0.730645	0.693696
430	0.731087	0.693965
431	0.730416	0.694235
432	0.728279	0.696121
433	0.727964	0.695312
434	0.728066	0.699892
435	0.727408	0.701778
436	0.726109	0.697198
437	0.726728	0.698276
438	0.727593	0.700700
439	0.725633	0.706358
440	0.726309	0.696390
441	0.724641	0.699084
442	0.731107	0.696121
443	0.877486	0.667565
444	3.125761	0.655172
445	0.806582	0.695851
446	0.743142	0.703125
447	0.736488	0.700970
448	0.732747	0.699353
449	0.731429	0.693696
450	0.731297	0.696121
451	0.729076	0.702317
452	0.728380	0.702856
453	0.729748	0.697737
454	0.729707	0.694504
455	0.728612	0.701778
456	0.728276	0.696121
457	0.728106	0.696390
458	0.728180	0.696929
459	0.728351	0.698545
460	0.727678	0.704203
461	0.727034	0.702586
462	0.729100	0.694504
463	0.728083	0.697737
464	0.725957	0.699623
465	0.727761	0.698545
466	0.725710	0.702047
467	0.726996	0.698545
468	0.726374	0.703125
469	0.726460	0.699084
470	0.725005	0.700700
471	0.725839	0.700431
472	0.724305	0.700970
473	0.724833	0.700162
474	0.725843	0.702047
475	0.725995	0.701509
476	0.724253	0.698006
477	0.724285	0.706897
478	0.724468	0.700162
479	0.723928	0.698815
480	0.722906	0.701239
481	0.724141	0.698006
482	0.722887	0.700970
483	0.722107	0.704203
484	0.722247	0.696660
485	0.721613	0.702317
486	0.722637	0.700700
487	0.720620	0.708244
488	0.725488	0.703394
489	0.863569	0.664332
490	3.739805	0.655172
491	0.738304	0.697737
492	0.730612	0.696660
493	0.727008	0.699084
494	0.727111	0.703933
495	0.726503	0.696660
496	0.725226	0.702047
497	0.724530	0.704741
498	0.724759	0.696929
499	0.724433	0.700970
500	0.723693	0.704741
501	0.724464	0.707974
502	0.724703	0.702047
503	0.723340	0.699623
504	0.725134	0.698815
505	0.724229	0.700162
506	0.725699	0.694504
507	0.724862	0.698815
508	0.724784	0.697737
509	0.723530	0.703125
510	0.723316	0.700970
511	0.722497	0.703933
512	0.723865	0.699892
513	0.723412	0.698815
514	0.723732	0.701509
515	0.722153	0.700700
516	0.724183	0.701509
517	0.722975	0.704741
518	0.722944	0.700970
519	0.722046	0.702047
520	0.723057	0.695582
521	0.722178	0.702317
522	0.722455	0.699623
523	0.723002	0.704741
524	0.721071	0.704741
525	0.721673	0.698276
526	0.721205	0.700431
527	0.720842	0.704472
528	0.721614	0.696390
529	0.721213	0.699084
530	0.720825	0.701509
531	0.721353	0.698545
532	0.721003	0.703394
533	0.719844	0.702856
534	0.722962	0.695312
535	0.782402	0.689925
536	3.645530	0.655172
537	0.748654	0.694774
538	0.728257	0.702317
539	0.726818	0.695043
540	0.724789	0.700700
541	0.723082	0.705280
542	0.723477	0.703933
543	0.723153	0.700162
544	0.723745	0.700431
545	0.722714	0.697468
546	0.723633	0.700970
547	0.722783	0.703394
548	0.722832	0.702317
549	0.723751	0.704741
550	0.722768	0.700162
551	0.722286	0.699353
552	0.722462	0.695582
553	0.722623	0.698815
554	0.722474	0.699353
555	0.722225	0.701509
556	0.720635	0.706627
557	0.720969	0.702586
558	0.720675	0.703664
559	0.722175	0.701509
560	0.721314	0.702586
561	0.721809	0.703664
562	0.721477	0.700162
563	0.721096	0.705011
564	0.721577	0.700970
565	0.721050	0.707435
566	0.719023	0.711207
567	0.721282	0.703664
568	0.721039	0.703125
569	0.720249	0.697198
570	0.719923	0.703394
571	0.719857	0.699892
572	0.720727	0.696929
573	0.720313	0.700970
574	0.720227	0.700162
575	0.719715	0.699353
576	0.719440	0.702856
577	0.719048	0.705011
578	0.719592	0.701778
579	0.720234	0.697198
580	0.719057	0.703125
581	0.721662	0.699084
582	0.855960	0.666487
583	3.931290	0.655172
584	0.726614	0.695312
585	0.723735	0.699892
586	0.723023	0.699892
587	0.721984	0.699353
588	0.721780	0.700700
589	0.721465	0.700162
590	0.721995	0.699623
591	0.722010	0.698815
592	0.722094	0.697737
593	0.720914	0.705011
594	0.722743	0.694235
595	0.721518	0.701509
596	0.720728	0.700970
597	0.720441	0.700970
598	0.720943	0.698276
599	0.721286	0.695851
600	0.720323	0.702317
601	0.721150	0.699353
602	0.720108	0.699623
603	0.719911	0.703933
604	0.720084	0.702317
605	0.720677	0.698545
606	0.721722	0.695582
607	0.720846	0.697468
608	0.719019	0.704741
609	0.720292	0.706897
610	0.720501	0.706358
611	0.720214	0.695582
612	0.719773	0.707435
613	0.720655	0.695582
614	0.719936	0.703125
615	0.719769	0.697737
616	0.719421	0.703933
617	0.719613	0.696390
618	0.719164	0.701778
619	0.719429	0.698276
620	0.719966	0.697737
621	0.716977	0.708244
622	0.719027	0.701509
623	0.718856	0.695851
624	0.718939	0.700431
625	0.718420	0.698545
626	0.717484	0.703933
627	0.719490	0.703125
628	0.719925	0.694504
629	0.718243	0.701778
630	0.717782	0.703125
631	0.717410	0.706897
632	0.719044	0.696121
633	0.718258	0.702586
634	0.718097	0.704472
635	0.718102	0.705819
636	0.718238	0.701239
637	0.717216	0.704741
638	0.719665	0.703664
639	0.757473	0.692080
640	1.830636	0.561422
641	0.766059	0.694774
642	0.722584	0.702586
643	0.721299	0.699084
644	0.720915	0.700162
645	0.720808	0.703125
646	0.721175	0.697468
647	0.719798	0.705280
648	0.721017	0.697468
649	0.719783	0.702856
650	0.721001	0.697737
651	0.720798	0.696660
652	0.720413	0.699892
653	0.719819	0.701509
654	0.720505	0.703394
655	0.719872	0.698006
656	0.719683	0.701778
657	0.719819	0.699084
658	0.719188	0.702047
659	0.719270	0.704472
660	0.719190	0.701778
661	0.719395	0.702317
662	0.719427	0.703125
663	0.719055	0.702586
664	0.719230	0.703933
665	0.719809	0.699892
666	0.719261	0.701239
667	0.719567	0.700431
668	0.720005	0.702317
669	0.719197	0.700700
670	0.719046	0.702856
671	0.718978	0.700970
672	0.718344	0.703664
673	0.718126	0.707974
674	0.718485	0.703933
675	0.717860	0.707705
676	0.719481	0.696660
677	0.718124	0.705550
678	0.717905	0.701239
679	0.719183	0.701509
680	0.717688	0.706358
681	0.718458	0.701239
682	0.717359	0.703394
683	0.717604	0.706088
684	0.719039	0.707166
685	0.729622	0.701239
686	1.240057	0.685345
687	1.476092	0.593211
688	0.718418	0.700431
689	0.719332	0.697737
690	0.719083	0.692349
691	0.718942	0.698276
692	0.719940	0.694504
693	0.718655	0.699623
694	0.719571	0.700700
695	0.719608	0.694774
696	0.718984	0.698006
697	0.718853	0.705011
698	0.719692	0.697198
699	0.718497	0.704203
700	0.718875	0.694504
701	0.718707	0.701778
702	0.719168	0.701778
703	0.718622	0.699084
704	0.719916	0.692619
705	0.719194	0.703394
706	0.718987	0.696929
707	0.718007	0.708244
708	0.718747	0.698545
709	0.718425	0.701509
710	0.718634	0.701778
711	0.717910	0.708782
712	0.718973	0.700431
713	0.718244	0.701509
714	0.718791	0.701509
715	0.719089	0.695582
716	0.717714	0.701778
717	0.717617	0.703933
718	0.718727	0.702586
719	0.718343	0.700431
720	0.718748	0.698276
721	0.717466	0.706088
722	0.720044	0.693427
723	0.717863	0.702586
724	0.717393	0.708244
725	0.717707	0.705550
726	0.718408	0.700970
727	0.718984	0.694235
728	0.718252	0.700431
729	0.717621	0.703394
730	0.717422	0.702047
731	0.718133	0.698545
732	0.717960	0.702586
733	0.717730	0.702586
734	0.718178	0.702856
735	0.717489	0.702586
736	0.717976	0.698006
737	0.717951	0.703125
738	0.717502	0.702856
739	0.717390	0.701509
740	0.718385	0.698815
741	0.718002	0.702856
742	0.718019	0.696390
743	0.716910	0.706358
744	0.717372	0.700162
745	0.717590	0.699892
746	0.716797	0.701509
747	0.715789	0.702047
748	0.717026	0.701239
749	0.716973	0.704472
750	0.716651	0.703125
751	0.716251	0.705550
752	0.716413	0.703394
753	0.717056	0.704741
754	0.715954	0.705280
755	0.720385	0.706358
756	1.075686	0.691272
757	1.691219	0.584590
758	0.723117	0.692349
759	0.720373	0.702586
760	0.719375	0.704741
761	0.719323	0.700162
762	0.719725	0.697198
763	0.718944	0.703664
764	0.718654	0.699084
765	0.718949	0.695312
766	0.719058	0.700162
767	0.718804	0.697737
768	0.718409	0.699353
769	0.718375	0.703394
770	0.717828	0.702047
771	0.716874	0.705550
772	0.717697	0.703125
773	0.718430	0.699353
774	0.717514	0.700162
775	0.718572	0.700162
776	0.717849	0.702047
777	0.718125	0.699892
778	0.718313	0.699892
779	0.718504	0.696929
780	0.717382	0.702047
781	0.718470	0.703664
782	0.718896	0.697198
783	0.717260	0.706358
784	0.717798	0.704203
785	0.716907	0.699892
786	0.717313	0.701778
787	0.718657	0.700700
788	0.717468	0.703394
789	0.717732	0.699623
790	0.717546	0.702856
791	0.716726	0.711746
792	0.718683	0.701509
793	0.718083	0.704203
794	0.718004	0.698545
795	0.718401	0.698276
796	0.717552	0.700431
797	0.717995	0.696390
798	0.717633	0.699623
799	0.718647	0.697468
800	0.716784	0.709590
801	0.717033	0.705011
802	0.718078	0.698815
803	0.717652	0.701778
804	0.716817	0.703394
805	0.717282	0.705550
806	0.717823	0.697737
807	0.717406	0.700700
808	0.717433	0.702586
809	0.717381	0.700970
810	0.717463	0.701778
811	0.716771	0.702317
812	0.717474	0.699892
813	0.717801	0.706627
814	0.717120	0.700700
815	0.717054	0.700700
816	0.715937	0.701778
817	0.717893	0.705819
818	0.717075	0.701239
819	0.718022	0.697468
820	0.716978	0.703125
821	0.716239	0.707705
822	0.716491	0.705011
823	0.717040	0.700970
824	0.719112	0.701239
825	0.809044	0.696121
826	1.839412	0.563039
827	0.722817	0.697198
828	0.719371	0.700162
829	0.718505	0.700431
830	0.718406	0.701239
831	0.717985	0.702317
832	0.718099	0.701509
833	0.718376	0.698006
834	0.718030	0.698006
835	0.717350	0.705011
836	0.718343	0.697198
837	0.717764	0.706897
838	0.717729	0.701239
839	0.717359	0.701509
840	0.717654	0.700162
841	0.717401	0.706358
842	0.717688	0.700431
843	0.717860	0.696929
844	0.717711	0.696660
845	0.717842	0.701239
846	0.717088	0.707974
847	0.718863	0.695312
848	0.718424	0.698006
849	0.717702	0.697468
850	0.718064	0.693157
851	0.717568	0.700162
852	0.718599	0.695043
853	0.717687	0.701509
854	0.717417	0.702317
855	0.717553	0.700700
856	0.718302	0.698545
857	0.716955	0.697198
858	0.716757	0.703664
859	0.718378	0.701239
860	0.716941	0.704472
861	0.716159	0.702856
862	0.718223	0.700162
863	0.717530	0.698276
864	0.717273	0.704203
865	0.716616	0.704472
866	0.717358	0.697468
867	0.717954	0.700970
868	0.717335	0.703933
869	0.717578	0.703125
870	0.716962	0.705280
871	0.716384	0.708244
872	0.717545	0.699084
873	0.717770	0.700700
874	0.717200	0.698815
875	0.716868	0.700700
876	0.717233	0.701509
877	0.716854	0.703933
878	0.716924	0.707166
879	0.716529	0.705819
880	0.717146	0.700431
881	0.716574	0.702317
882	0.716900	0.705280
883	0.716838	0.700970
884	0.717071	0.706088
885	0.717864	0.699892
886	0.730234	0.707974
887	2.828968	0.658944
888	0.875260	0.658405
889	0.729608	0.699353
890	0.726705	0.695043
891	0.723544	0.706627
892	0.722981	0.698006
893	0.721932	0.701239
894	0.721371	0.702856
895	0.720426	0.701509
896	0.720336	0.700162
897	0.720296	0.703125
898	0.720181	0.700162
899	0.719810	0.699353
900	0.718088	0.703933
901	0.718263	0.709052
902	0.719896	0.695851
903	0.719186	0.703125
904	0.718803	0.700162
905	0.718681	0.701778
906	0.717945	0.702586
907	0.717687	0.705011
908	0.718446	0.704203
909	0.717779	0.700700
910	0.718444	0.697468
911	0.717381	0.705819
912	0.717603	0.699084
913	0.717874	0.703933
914	0.718266	0.704472
915	0.716803	0.705280
916	0.716775	0.701778
917	0.718164	0.701509
918	0.717818	0.698006
919	0.717325	0.702586
920	0.716545	0.706627
921	0.718192	0.693696
922	0.717289	0.703125
923	0.717264	0.703933
924	0.717745	0.701509
925	0.717187	0.698815
926	0.716934	0.703664
927	0.716256	0.705011
928	0.717427	0.704472
929	0.717292	0.700700
930	0.717681	0.698545
931	0.716926	0.704472
932	0.717121	0.703394
933	0.717510	0.705819
934	0.717466	0.702586
935	0.716687	0.703933
936	0.717475	0.701239
937	0.717553	0.700162
938	0.717086	0.701239
939	0.716777	0.707166
940	0.716366	0.704741
941	0.717097	0.699353
942	0.717590	0.695851
943	0.717197	0.698276
944	0.717279	0.701509
945	0.716554	0.701239
946	0.716199	0.705550
947	0.716393	0.706627
948	0.717145	0.698815
949	0.716819	0.699353
950	0.716652	0.700970
951	0.717694	0.696121
952	0.716840	0.703125
953	0.716263	0.703664
954	0.716672	0.704741
955	0.717044	0.702856
956	0.716611	0.707705
957	0.716351	0.703125
958	0.716719	0.702856
959	0.715863	0.708244
960	0.716951	0.700431
961	0.716908	0.702047
962	0.715914	0.707705
963	0.716081	0.709590
964	0.716498	0.707705
965	0.717172	0.696390
966	0.716974	0.701509
967	0.716363	0.707435
968	0.716428	0.705550
969	0.716344	0.705280
970	0.715928	0.708244
971	0.716654	0.706897
972	0.716535	0.706897
973	0.716430	0.703933
974	0.716559	0.703664
975	0.716424	0.700970
976	0.716744	0.703394
977	0.715607	0.708513
978	0.716962	0.703394
979	0.716451	0.700970
980	0.716220	0.700970
981	0.716548	0.708782
982	0.716210	0.699353
983	0.717402	0.697468
984	0.716562	0.703394
985	0.716030	0.703933
986	0.716151	0.701778
987	0.716941	0.696929
988	0.715974	0.699892
989	0.715900	0.705280
990	0.716574	0.705280
991	0.716345	0.702317
992	0.715850	0.706088
993	0.716310	0.700431
994	0.716226	0.703394
995	0.717579	0.699892
996	0.722650	0.696390
997	1.393234	0.599407
998	0.796514	0.689386
999	0.718693	0.698545
1000	0.718547	0.702317
1001	0.717419	0.701239
1002	0.718006	0.699892
1003	0.718023	0.694774
1004	0.717338	0.703394
1005	0.717273	0.700431
1006	0.718096	0.699353
1007	0.717491	0.703125
1008	0.717546	0.699623
1009	0.717482	0.700970
1010	0.717096	0.696929
1011	0.717199	0.702047
1012	0.717239	0.699892
1013	0.717212	0.700162
1014	0.718159	0.698545
1015	0.717378	0.703125
1016	0.717068	0.703933
1017	0.717372	0.703394
1018	0.717177	0.703125
1019	0.716486	0.708244
1020	0.717497	0.698545
1021	0.717791	0.703394
1022	0.717017	0.705819
1023	0.717296	0.701239
1024	0.716117	0.706627
1025	0.716018	0.706627
1026	0.717259	0.700162
1027	0.716613	0.702586
1028	0.717118	0.700700
1029	0.716995	0.699892
1030	0.717396	0.698545
1031	0.716131	0.705819
1032	0.716695	0.703394
1033	0.717532	0.700162
1034	0.717108	0.699623
1035	0.716673	0.696390
1036	0.716964	0.701239
1037	0.716278	0.706627
1038	0.717117	0.696121
1039	0.716129	0.704472
1040	0.716137	0.704741
1041	0.717498	0.697468
1042	0.716646	0.702856
1043	0.715471	0.708782
1044	0.716871	0.701239
1045	0.716418	0.704203
1046	0.716653	0.706088
1047	0.717344	0.702586
1048	0.716606	0.703394
1049	0.717332	0.698006
1050	0.716637	0.708513
1051	0.715884	0.711476
1052	0.715740	0.705280
1053	0.716734	0.700700
1054	0.715993	0.700431
1055	0.715911	0.702047
1056	0.716936	0.705280
1057	0.716012	0.703933
1058	0.716545	0.706627
1059	0.716528	0.701509
1060	0.716263	0.704203
1061	0.716076	0.703394
1062	0.716777	0.699892
1063	0.715537	0.703933
1064	0.716348	0.707435
1065	0.715985	0.707435
1066	0.716190	0.703664
1067	0.715810	0.709590
1068	0.716286	0.704741
1069	0.716013	0.708244
1070	0.716198	0.703664
1071	0.716573	0.703933
1072	0.716884	0.700162
1073	0.716074	0.705550
1074	0.716195	0.701509
1075	0.717319	0.702856
1076	0.720059	0.696390
1077	1.279155	0.602910
1078	0.743854	0.696121
1079	0.717111	0.699892
1080	0.716686	0.706358
1081	0.717858	0.700162
1082	0.717767	0.702586
1083	0.717017	0.702856
1084	0.716691	0.700162
1085	0.717061	0.702586
1086	0.717655	0.698545
1087	0.716956	0.701239
1088	0.716925	0.701509
1089	0.717583	0.698276
1090	0.716898	0.705550
1091	0.717564	0.703125
1092	0.717809	0.696929
1093	0.717435	0.700700
1094	0.716972	0.701778
1095	0.717918	0.695312
1096	0.716536	0.705819
1097	0.717452	0.700431
1098	0.716767	0.707166
1099	0.717007	0.700700
1100	0.716812	0.698006
1101	0.717070	0.703664
1102	0.716741	0.701239
1103	0.717300	0.699623
1104	0.716198	0.705819
1105	0.716984	0.696929
1106	0.716943	0.699623
1107	0.716853	0.702586
1108	0.717061	0.701509
1109	0.716879	0.707705
1110	0.717121	0.703394
1111	0.717441	0.702856
1112	0.716902	0.702856
1113	0.717547	0.695312
1114	0.717040	0.701239
1115	0.716576	0.702856
1116	0.716268	0.703664
1117	0.716141	0.709321
1118	0.717021	0.700431
1119	0.716829	0.703933
1120	0.716993	0.706627
1121	0.716818	0.701778
1122	0.716553	0.704741
1123	0.716665	0.700162
1124	0.717193	0.705280
1125	0.716061	0.703933
1126	0.716545	0.701778
1127	0.716493	0.703394
1128	0.717232	0.698545
1129	0.716626	0.706088
1130	0.716229	0.706627
1131	0.716215	0.702856
1132	0.716970	0.698815
1133	0.716566	0.707705
1134	0.716953	0.704203
1135	0.716658	0.700970
1136	0.716794	0.704741
1137	0.716694	0.698545
1138	0.716612	0.698815
1139	0.715951	0.705280
1140	0.716826	0.704472
1141	0.716922	0.704203
1142	0.716445	0.704741
1143	0.716329	0.704203
1144	0.717164	0.700162
1145	0.716996	0.702317
1146	0.716260	0.705011
1147	0.715909	0.703125
1148	0.716277	0.706088
1149	0.715503	0.709052
1150	0.716460	0.704741
1151	0.717198	0.702586
1152	0.716125	0.704203
1153	0.717031	0.705280
1154	0.716570	0.707435
1155	0.715375	0.706358
1156	0.715118	0.706358
1157	0.718112	0.700700
1158	0.717432	0.702856
1159	0.716862	0.703664
1160	0.716897	0.699353
1161	0.715962	0.707166
1162	0.716238	0.700970
1163	0.716707	0.702586
1164	0.716071	0.709321
1165	0.715831	0.705011
1166	0.717224	0.700162
1167	0.725489	0.699623
1168	1.508283	0.575970
1169	0.718273	0.695582
1170	0.718249	0.701239
1171	0.717293	0.702047
1172	0.717167	0.701778
1173	0.717329	0.698006
1174	0.717653	0.703125
1175	0.717483	0.696390
1176	0.716752	0.701239
1177	0.716568	0.703394
1178	0.716977	0.698276
1179	0.716971	0.703664
1180	0.716892	0.698006
1181	0.716940	0.700431
1182	0.717700	0.699353
1183	0.717089	0.703933
1184	0.716972	0.700970
1185	0.716756	0.703933
1186	0.717090	0.699353
1187	0.717033	0.698006
1188	0.716792	0.702047
1189	0.716847	0.704203
1190	0.716529	0.707705
1191	0.716271	0.705011
1192	0.717033	0.697468
1193	0.717506	0.696660
1194	0.716654	0.704472
1195	0.717058	0.698545
1196	0.716990	0.697737
1197	0.716857	0.700970
1198	0.717080	0.696121
1199	0.716923	0.700970
1200	0.716110	0.710399
1201	0.716959	0.697737
1202	0.716765	0.699892
1203	0.716522	0.703664
1204	0.716717	0.704741
1205	0.717035	0.707166
1206	0.716633	0.702586
1207	0.716632	0.702047
1208	0.717126	0.702317
1209	0.716347	0.708513
1210	0.716062	0.705011
1211	0.716604	0.696929
1212	0.716666	0.708782
1213	0.716546	0.705011
1214	0.717173	0.699623
1215	0.716410	0.696929
1216	0.717073	0.704203
1217	0.716152	0.702317
1218	0.716853	0.698815
1219	0.716446	0.702856
1220	0.716226	0.706088
1221	0.716935	0.697198
1222	0.716259	0.703394
1223	0.717497	0.702586
1224	0.716798	0.704741
1225	0.716072	0.700700
1226	0.716393	0.704203
1227	0.716348	0.702047
1228	0.716642	0.695582
1229	0.716000	0.705011
1230	0.716741	0.700162
1231	0.715970	0.705550
1232	0.715761	0.705280
1233	0.715230	0.707435
1234	0.716711	0.703394
1235	0.715658	0.700700
1236	0.715929	0.703933
1237	0.716722	0.696390
1238	0.715760	0.703394
1239	0.716704	0.700431
1240	0.716374	0.703125
1241	0.716397	0.708513
1242	0.715806	0.709321
1243	0.716117	0.707974
1244	0.716303	0.705550
1245	0.716735	0.707166
1246	0.718231	0.702856
1247	0.748478	0.697737
1248	0.863441	0.691810
1249	0.734505	0.701239
1250	0.718241	0.702047
1251	0.718026	0.701239
1252	0.717420	0.703394
1253	0.717727	0.703664
1254	0.718122	0.700700
1255	0.717423	0.697737
1256	0.717470	0.707166
1257	0.717018	0.699892
1258	0.716920	0.707705
1259	0.717793	0.696660
1260	0.716809	0.705280
1261	0.717313	0.696390
1262	0.716496	0.705280
1263	0.716984	0.701509
1264	0.717034	0.701509
1265	0.717544	0.696121
1266	0.716592	0.704472
1267	0.716881	0.701778
1268	0.717213	0.700162
1269	0.716661	0.701239
1270	0.716534	0.703664
1271	0.716202	0.703933
1272	0.716688	0.703664
1273	0.716354	0.705550
1274	0.717151	0.697737
1275	0.716976	0.703664
1276	0.715569	0.710129
1277	0.717077	0.699623
1278	0.715232	0.710938
1279	0.716981	0.699084
1280	0.716453	0.703394
1281	0.716714	0.703933
1282	0.716698	0.704741
1283	0.716812	0.696929
1284	0.717102	0.703125
1285	0.717114	0.699623
1286	0.715648	0.706088
1287	0.716598	0.701239
1288	0.716337	0.702317
1289	0.716478	0.703125
1290	0.716323	0.703664
1291	0.716007	0.705819
1292	0.717107	0.701778
1293	0.716403	0.701509
1294	0.716477	0.704203
1295	0.717351	0.697737
1296	0.716783	0.701239
1297	0.716719	0.699084
1298	0.715883	0.703394
1299	0.716028	0.706088
1300	0.716795	0.699353
1301	0.716354	0.703933
1302	0.716022	0.704741
1303	0.716327	0.700700
1304	0.716852	0.698815
1305	0.715123	0.707435
1306	0.716171	0.705550
1307	0.716074	0.705280
1308	0.716765	0.696660
1309	0.716482	0.701509
1310	0.716074	0.706897
1311	0.715805	0.706358
1312	0.716711	0.702586
1313	0.715968	0.707166
1314	0.716436	0.702317
1315	0.715555	0.706897
1316	0.716274	0.703394
1317	0.716192	0.704741
1318	0.716533	0.700700
1319	0.716016	0.701239
1320	0.716584	0.700970
1321	0.715424	0.703664
1322	0.715609	0.705550
1323	0.716032	0.707166
1324	0.715582	0.703933
1325	0.716137	0.704203
1326	0.716419	0.704741
1327	0.716123	0.707435
1328	0.716462	0.701239
1329	0.716664	0.701778
1330	0.716157	0.703664
1331	0.716584	0.698545
1332	0.716518	0.703664
1333	0.716296	0.706627
1334	0.716511	0.702856
1335	0.716127	0.703125
1336	0.716708	0.699892
1337	0.714655	0.709860
1338	0.716611	0.699084
1339	0.716514	0.699892
1340	0.715873	0.703394
1341	0.717048	0.700970
1342	0.716459	0.702047
1343	0.716394	0.697468
1344	0.716599	0.704203
1345	0.715924	0.704203
1346	0.716149	0.705011
1347	0.715663	0.705011
1348	0.717885	0.699892
1349	0.759445	0.699084
1350	0.849964	0.676455
1351	0.723260	0.701778
1352	0.718416	0.692349
1353	0.717435	0.706627
1354	0.717417	0.698815
1355	0.717481	0.699623
1356	0.716552	0.702317
1357	0.716527	0.703933
1358	0.717326	0.700700
1359	0.717264	0.700162
1360	0.716821	0.699353
1361	0.716389	0.706358
1362	0.716640	0.703394
1363	0.717491	0.702856
1364	0.717095	0.698545
1365	0.716631	0.706088
1366	0.716497	0.702856
1367	0.717140	0.697198
1368	0.716688	0.705819
1369	0.716599	0.705819
1370	0.716779	0.700162
1371	0.716754	0.701509
1372	0.717186	0.699353
1373	0.717303	0.699892
1374	0.716967	0.704472
1375	0.716611	0.701239
1376	0.717191	0.694235
1377	0.717251	0.698545
1378	0.716163	0.704203
1379	0.715685	0.707166
1380	0.716479	0.697198
1381	0.716800	0.704203
1382	0.715933	0.707166
1383	0.716288	0.707705
1384	0.716978	0.702317
1385	0.717139	0.694774
1386	0.715943	0.704472
1387	0.716507	0.703933
1388	0.716767	0.701239
1389	0.717550	0.700162
1390	0.716224	0.703664
1391	0.716660	0.703933
1392	0.716480	0.704203
1393	0.716443	0.700970
1394	0.716515	0.706627
1395	0.716239	0.698815
1396	0.716493	0.700970
1397	0.716578	0.704203
1398	0.716086	0.706897
1399	0.716702	0.698276
1400	0.716244	0.708244
1401	0.716632	0.700431
1402	0.716537	0.701778
1403	0.715851	0.703394
1404	0.716314	0.705011
1405	0.716425	0.707705
1406	0.716288	0.702586
1407	0.716139	0.705280
1408	0.716429	0.705280
1409	0.717407	0.696660
1410	0.715920	0.705550
1411	0.716362	0.700970
1412	0.716367	0.699623
1413	0.715477	0.709052
1414	0.716124	0.699623
1415	0.715890	0.703125
1416	0.716123	0.706088
1417	0.715853	0.702856
1418	0.716177	0.702856
1419	0.716061	0.705550
1420	0.716801	0.698006
1421	0.715821	0.703664
1422	0.716042	0.706358
1423	0.716806	0.695851
1424	0.717002	0.699623
1425	0.716972	0.707166
1426	0.715787	0.705819
1427	0.716597	0.705011
1428	0.715906	0.707166
1429	0.716329	0.701239
1430	0.716822	0.700162
1431	0.715877	0.707435
1432	0.716497	0.697198
1433	0.716060	0.704741
1434	0.716174	0.703394
1435	0.716422	0.704741
1436	0.715217	0.707705
1437	0.716313	0.701509
1438	0.716049	0.703394
1439	0.716580	0.706358
1440	0.716445	0.704203
1441	0.716050	0.702317
1442	0.715811	0.705280
1443	0.716790	0.703125
1444	0.715806	0.703664
1445	0.716264	0.704741
1446	0.716349	0.697737
1447	0.716849	0.698815
1448	0.716473	0.708244
1449	0.716639	0.698815
1450	0.716623	0.699623
1451	0.715879	0.704203
1452	0.716562	0.700970
1453	0.716586	0.703394
1454	0.715789	0.705819
1455	0.715990	0.706627
1456	0.715747	0.705280
1457	0.717214	0.706358
1458	0.723436	0.695851
1459	0.946941	0.646013
1460	0.720401	0.699623
1461	0.718031	0.702047
1462	0.717280	0.702047
1463	0.717548	0.700431
1464	0.717807	0.701509
1465	0.717784	0.700970
1466	0.716936	0.703933
1467	0.716924	0.705011
1468	0.716752	0.702317
1469	0.717545	0.704203
1470	0.717482	0.699084
1471	0.717284	0.705550
1472	0.717519	0.701239
1473	0.718116	0.696929
1474	0.716533	0.703125
1475	0.716445	0.703394
1476	0.716413	0.706088
1477	0.716850	0.700700
1478	0.716683	0.703394
1479	0.716422	0.702047
1480	0.716609	0.703933
1481	0.716803	0.700431
1482	0.715882	0.708513
1483	0.716746	0.701778
1484	0.716233	0.701509
1485	0.716649	0.705011
1486	0.716358	0.701509
1487	0.716679	0.701509
1488	0.716606	0.705550
1489	0.716016	0.702586
1490	0.716404	0.705819
1491	0.716339	0.703664
1492	0.715772	0.710129
1493	0.716095	0.701509
1494	0.716668	0.702856
1495	0.716752	0.703664
1496	0.716226	0.703394
1497	0.716837	0.697468
1498	0.716836	0.698276
1499	0.716560	0.705011
1500	0.716451	0.702047
1501	0.716759	0.702856
1502	0.717052	0.698545
1503	0.716419	0.705011
1504	0.716775	0.702856
1505	0.716999	0.701509
1506	0.716307	0.707435
1507	0.716824	0.702047
1508	0.716068	0.707974
1509	0.716708	0.701509
1510	0.716103	0.705819
1511	0.716479	0.701509
1512	0.716022	0.703394
1513	0.716631	0.701239
1514	0.715859	0.701778
1515	0.716803	0.702047
1516	0.716270	0.705819
1517	0.716937	0.704472
1518	0.715839	0.710129
1519	0.715332	0.709321
1520	0.716188	0.702047
1521	0.715807	0.707435
1522	0.716394	0.699084
1523	0.716548	0.702856
1524	0.715939	0.705011
1525	0.716438	0.700162
1526	0.716653	0.702047
1527	0.716718	0.699353
1528	0.715283	0.706358
1529	0.716411	0.703933
1530	0.715973	0.706627
1531	0.715543	0.706897
1532	0.716332	0.703394
1533	0.717066	0.698815
1534	0.716558	0.700700
1535	0.716484	0.703125
1536	0.716452	0.702047
1537	0.716672	0.702047
1538	0.715907	0.706088
1539	0.716266	0.702047
1540	0.715570	0.707435
1541	0.715844	0.705011
1542	0.716316	0.701239
1543	0.716428	0.703125
1544	0.716514	0.702317
1545	0.715366	0.707166
1546	0.716066	0.703394
1547	0.716486	0.699623
1548	0.716117	0.699084
1549	0.716518	0.702047
1550	0.716477	0.702047
1551	0.715613	0.700970
1552	0.714872	0.706358
1553	0.716316	0.703125
1554	0.715404	0.699623
1555	0.714642	0.707435
1556	0.716902	0.704472
1557	0.715872	0.708244
1558	0.716068	0.701778
1559	0.716910	0.703664
1560	0.716417	0.706627
1561	0.715933	0.703933
1562	0.715189	0.706897
1563	0.716047	0.706088
1564	0.716297	0.701509
1565	0.716061	0.701778
1566	0.717308	0.698276
1567	0.715308	0.710668
1568	0.715960	0.705819
1569	0.716635	0.704203
1570	0.716283	0.702586
1571	0.716000	0.704741
1572	0.716610	0.701778
1573	0.716069	0.699623
1574	0.715939	0.703394
1575	0.716055	0.699623
1576	0.716586	0.699623
1577	0.716423	0.706627
1578	0.716031	0.708244
1579	0.716201	0.703933
1580	0.716174	0.703394
1581	0.716046	0.702047
1582	0.715750	0.705011
1583	0.715835	0.700431
1584	0.716914	0.693427
1585	0.715863	0.711207
1586	0.716331	0.705819
1587	0.716092	0.696121
1588	0.714827	0.707705
1589	0.716457	0.701239
1590	0.716076	0.703664
1591	0.715351	0.706897
1592	0.715469	0.703394
1593	0.716336	0.705819
1594	0.715487	0.709052
1595	0.719128	0.703933
1596	0.745057	0.700431
1597	0.722217	0.700970
1598	0.716431	0.701778
1599	0.716763	0.699623
1600	0.716456	0.699892
1601	0.716439	0.704203
1602	0.716809	0.700970
1603	0.715525	0.706358
1604	0.716443	0.709321
1605	0.716784	0.698276
1606	0.716848	0.702047
1607	0.716502	0.704472
1608	0.716823	0.700431
1609	0.715797	0.706627
1610	0.716381	0.705819
1611	0.716400	0.703125
1612	0.716810	0.702856
1613	0.717311	0.699084
1614	0.715090	0.707166
1615	0.717158	0.703394
1616	0.716430	0.702856
1617	0.716479	0.702047
1618	0.716128	0.705550
1619	0.716117	0.707166
1620	0.716980	0.699892
1621	0.716379	0.700162
1622	0.717184	0.703394
1623	0.716651	0.702317
1624	0.716394	0.702047
1625	0.716688	0.703125
1626	0.716507	0.703664
1627	0.715997	0.703394
1628	0.716516	0.703125
1629	0.716835	0.698006
1630	0.715823	0.704472
1631	0.716024	0.707974
1632	0.716236	0.703125
1633	0.716743	0.700162
1634	0.716047	0.702047
1635	0.716443	0.700970
1636	0.716012	0.706627
1637	0.716208	0.701778
1638	0.716818	0.699084
1639	0.715682	0.705550
1640	0.715668	0.703125
1641	0.716818	0.697737
1642	0.715999	0.704741
1643	0.716365	0.697468
1644	0.716195	0.700162
1645	0.715959	0.700970
1646	0.716194	0.700431
1647	0.716577	0.705011
1648	0.716150	0.703394
1649	0.716570	0.701778
1650	0.716628	0.703394
1651	0.716111	0.705280
1652	0.716024	0.701509
1653	0.715729	0.705011
1654	0.716420	0.701509
1655	0.716115	0.702856
1656	0.716330	0.699084
1657	0.716615	0.699353
1658	0.716139	0.704203
1659	0.716267	0.706358
1660	0.715488	0.709321
1661	0.716100	0.706088
1662	0.715815	0.706627
1663	0.716507	0.702586
1664	0.716376	0.702586
1665	0.716482	0.703125
1666	0.716607	0.698276
1667	0.716515	0.702586
1668	0.715840	0.709321
1669	0.715712	0.702856
1670	0.715235	0.701778
1671	1.177520	0.626886
1672	0.716916	0.701239
1673	0.717459	0.698545
1674	0.717291	0.699084
1675	0.717204	0.704203
1676	0.717070	0.700162
1677	0.717434	0.698276
1678	0.716653	0.700162
1679	0.717458	0.698815
1680	0.717451	0.693157
1681	0.717002	0.703664
1682	0.716631	0.698815
1683	0.717057	0.704203
1684	0.715980	0.704203
1685	0.716654	0.703933
1686	0.717434	0.697468
1687	0.717099	0.698815
1688	0.717217	0.700700
1689	0.717149	0.702317
1690	0.716960	0.698276
1691	0.716574	0.701239
1692	0.717472	0.700431
1693	0.716937	0.702047
1694	0.717037	0.697468
1695	0.716356	0.701239
1696	0.716638	0.709860
1697	0.716794	0.698815
1698	0.716766	0.703664
1699	0.716355	0.698815
1700	0.717134	0.695043
1701	0.716591	0.698276
1702	0.716541	0.698815
1703	0.717311	0.696929
1704	0.716206	0.700970
1705	0.716696	0.700700
1706	0.716784	0.699623
1707	0.716193	0.701778
1708	0.716612	0.705819
1709	0.716998	0.704472
1710	0.716368	0.703394
1711	0.716385	0.703125
1712	0.716599	0.699353
1713	0.716565	0.701509
1714	0.716379	0.705819
1715	0.716849	0.703394
1716	0.716813	0.702317
1717	0.716215	0.699892
1718	0.716252	0.702317
1719	0.716506	0.702047
1720	0.716335	0.704203
1721	0.716186	0.707166
1722	0.715728	0.710129
1723	0.716579	0.698276
1724	0.715686	0.708782
1725	0.716967	0.700431
1726	0.716750	0.700431
1727	0.716997	0.699892
1728	0.716182	0.699623
1729	0.715946	0.704741
1730	0.716643	0.705819
1731	0.716236	0.700700
1732	0.716238	0.707435
1733	0.716898	0.700431
1734	0.716831	0.700700
1735	0.715778	0.704203
1736	0.717088	0.698815
1737	0.716179	0.704741
1738	0.716445	0.704472
1739	0.716033	0.703664
1740	0.717063	0.699084
1741	0.716510	0.706358
1742	0.716385	0.699084
1743	0.716492	0.705550
1744	0.716735	0.701239
1745	0.715890	0.703933
1746	0.716919	0.698815
1747	0.716608	0.701778
1748	0.716225	0.702317
1749	0.716345	0.700970
1750	0.716765	0.696929
1751	0.716130	0.702047
1752	0.716304	0.699084
1753	0.716146	0.704203
1754	0.716294	0.700700
1755	0.716341	0.706358
1756	0.715911	0.702856
1757	0.715800	0.711476
1758	0.715874	0.709321
1759	0.716491	0.703125
1760	0.716030	0.703933
1761	0.716700	0.699353
1762	0.716894	0.699353
1763	0.715945	0.707974
1764	0.716188	0.702586
1765	0.716053	0.700431
1766	0.715752	0.707974
1767	0.715270	0.704472
1768	0.716443	0.701509
1769	0.716687	0.704741
1770	0.716768	0.705280
1771	0.716091	0.701239
1772	0.716130	0.704472
1773	0.716121	0.707705
1774	0.716413	0.705819
1775	0.716329	0.700700
1776	0.715966	0.703664
1777	0.716217	0.705280
1778	0.716482	0.705280
1779	0.716778	0.698815
1780	0.715399	0.707974
1781	0.715736	0.709860
1782	0.715819	0.703933
1783	0.715918	0.703394
1784	0.715951	0.703664
1785	0.716104	0.706897
1786	0.716049	0.702586
1787	0.716553	0.702047
1788	0.716331	0.706088
1789	0.716283	0.699084
1790	0.716128	0.701509
1791	0.715760	0.704203
1792	0.715465	0.712285
1793	0.716982	0.699623
1794	0.716413	0.702856
1795	0.716468	0.706897
1796	0.716478	0.702317
1797	0.716386	0.705011
1798	0.716104	0.709590
1799	0.715386	0.704472
1800	0.716873	0.701239
1801	0.716522	0.705011
1802	0.715734	0.705280
1803	0.716199	0.705819
1804	0.715833	0.702856
1805	0.716542	0.701778
1806	0.716609	0.702047
1807	0.716902	0.699084
1808	0.715275	0.702856
1809	0.715771	0.707166
1810	0.716820	0.707974
1811	0.715789	0.705280
1812	0.716113	0.701239
1813	0.715973	0.704741
1814	0.716363	0.706627
1815	0.716460	0.703664
1816	0.716080	0.704203
1817	0.716152	0.707974
1818	0.716592	0.698545
1819	0.716289	0.705280
1820	0.716345	0.706627
1821	0.716735	0.703664
1822	0.716525	0.707166
1823	0.716400	0.705280
1824	0.716165	0.704741
1825	0.716773	0.703394
1826	0.716447	0.704741
1827	0.716351	0.707166
1828	0.715684	0.703664
1829	0.716157	0.703933
1830	0.716362	0.703394
1831	0.716383	0.703125
1832	0.715507	0.703933
1833	0.717198	0.700431
1834	0.717216	0.698545
1835	0.716052	0.699892
1836	0.716056	0.706897
1837	0.716658	0.702047
1838	0.716054	0.701509
1839	0.716008	0.704472
1840	0.716060	0.702586
1841	0.716621	0.704203
1842	0.716337	0.702317
1843	0.716600	0.703394
1844	0.716306	0.703933
1845	0.716468	0.705550
1846	0.716248	0.702047
1847	0.715890	0.704741
1848	0.716267	0.697468
1849	0.716058	0.706897
1850	0.716990	0.702317
1851	0.715801	0.708782
1852	0.715073	0.705550
1853	0.715991	0.705550
1854	0.716559	0.703125
1855	0.716390	0.707435
1856	0.715971	0.703125
1857	0.716497	0.697737
1858	0.716257	0.700700
1859	0.715626	0.704472
1860	0.715854	0.702856
1861	0.716098	0.702047
1862	0.717011	0.701509
1863	0.716397	0.705819
1864	0.721737	0.701509
1865	0.717935	0.700431
1866	0.716167	0.703394
1867	0.716601	0.700700
1868	0.716490	0.701239
1869	0.715522	0.703933
1870	0.716325	0.702586
1871	0.715913	0.702856
1872	0.717142	0.697468
1873	0.716608	0.705011
1874	0.716312	0.705011
1875	0.716033	0.702586
1876	0.716303	0.702586
1877	0.715924	0.703394
1878	0.716278	0.703933
1879	0.715273	0.708513
1880	0.716660	0.702317
1881	0.716113	0.704741
1882	0.716103	0.707166
1883	0.716623	0.694774
1884	0.716459	0.701778
1885	0.716134	0.704472
1886	0.716183	0.707705
1887	0.715096	0.703933
1888	0.716422	0.703394
1889	0.716280	0.700431
1890	0.717146	0.700431
1891	0.716183	0.707435
1892	0.716424	0.707705
1893	0.715928	0.708244
1894	0.716720	0.699892
1895	0.715971	0.705819
1896	0.716202	0.699353
1897	0.716619	0.698276
1898	0.716338	0.703664
1899	0.716523	0.702047
1900	0.716238	0.706088
1901	0.716298	0.704472
1902	0.716768	0.702856
1903	0.716424	0.701778
1904	0.715964	0.707974
1905	0.715487	0.709590
1906	0.715944	0.707705
1907	0.716252	0.703394
1908	0.716382	0.705280
1909	0.716472	0.699623
1910	0.716534	0.702047
1911	0.716342	0.700431
1912	0.716506	0.701778
1913	0.716267	0.708513
1914	0.716408	0.699892
1915	0.716019	0.700162
1916	0.716460	0.703125
1917	0.716815	0.701778
1918	0.716476	0.700970
1919	0.716141	0.700431
1920	0.716313	0.702586
1921	0.716262	0.706088
1922	0.715953	0.704203
1923	0.716177	0.700162
1924	0.715875	0.703125
1925	0.716077	0.704472
1926	0.715261	0.702047
1927	0.715982	0.704203
1928	0.715798	0.706897
1929	0.716898	0.708782
1930	0.716385	0.696660
1931	0.716265	0.702586
1932	0.716720	0.700970
1933	0.715919	0.710129
1934	0.716360	0.702586
1935	0.715742	0.704203
1936	0.716836	0.698815
1937	0.716649	0.698815
1938	0.715482	0.709860
1939	0.716473	0.706897
1940	0.716665	0.700970
1941	0.716124	0.703933
1942	0.715822	0.706088
1943	0.716155	0.702317
1944	0.715680	0.708513
1945	0.716084	0.698006
1946	0.715437	0.707435
1947	0.716139	0.705280
1948	0.716653	0.705550
1949	0.716302	0.709052
1950	0.716778	0.701509
1951	0.716145	0.702586
1952	0.716544	0.705819
1953	0.715670	0.703664
1954	0.716032	0.702856
1955	0.715647	0.706088
1956	0.716334	0.702047
1957	0.716635	0.703125
1958	0.716414	0.704472
1959	0.716747	0.699892
1960	0.716250	0.704741
1961	0.715747	0.705280
1962	0.716354	0.704741
1963	0.716634	0.697737
1964	0.715826	0.706358
1965	0.716721	0.699623
1966	0.716143	0.702047
1967	0.716463	0.701778
1968	0.716157	0.707166
1969	0.716153	0.703394
1970	0.716279	0.702317
1971	0.716200	0.702586
1972	0.716471	0.703664
1973	0.717110	0.705550
1974	0.716405	0.701239
1975	0.716049	0.713901
1976	0.716496	0.702047
1977	0.715741	0.701509
1978	0.716405	0.703394
1979	0.716163	0.704741
1980	0.716302	0.702856
1981	0.716320	0.704472
1982	0.716595	0.702047
1983	0.716464	0.704203
1984	0.716040	0.704203
1985	0.716264	0.701239
1986	0.716213	0.704741
1987	0.715552	0.712554
1988	0.715846	0.707705
1989	0.716156	0.706627
1990	0.716492	0.701239
1991	0.716030	0.700700
1992	0.716851	0.700431
1993	0.716165	0.703664
1994	0.716487	0.705819
1995	0.716669	0.701509
1996	0.716062	0.706897
1997	0.716169	0.703125
1998	0.716207	0.701509
1999	0.716637	0.700700
2000	0.715975	0.700162
2001	0.716847	0.701778
2002	0.716645	0.702317
2003	0.716171	0.705011
2004	0.716716	0.701239
2005	0.715897	0.709590
2006	0.716316	0.700162
2007	0.715981	0.700431
2008	0.716440	0.703125
2009	0.716533	0.702856
2010	0.716080	0.705819
2011	0.716454	0.699353
2012	0.716446	0.702047
2013	0.716866	0.698006
2014	0.716386	0.703125
2015	0.716843	0.701239
2016	0.716464	0.703125
2017	0.716221	0.705550
2018	0.716163	0.707705
2019	0.716399	0.702586
2020	0.716360	0.700162
2021	0.715782	0.703933
2022	0.715998	0.706897
2023	0.715825	0.705550
2024	0.715652	0.708244
2025	0.715923	0.705280
2026	0.716454	0.706088
2027	0.716368	0.699892
2028	0.716935	0.698545
2029	0.716753	0.704741
2030	0.716026	0.704741
2031	0.716641	0.699623
2032	0.716903	0.698276
2033	0.716096	0.704741
2034	0.716446	0.702586
2035	0.716099	0.705011
2036	0.716131	0.708513
2037	0.716237	0.702317
2038	0.716716	0.700970
2039	0.716502	0.707705
2040	0.715789	0.708782
2041	0.716694	0.704741
2042	0.716219	0.706088
2043	0.716139	0.703933
2044	0.716607	0.700162
2045	0.716662	0.699892
2046	0.716186	0.705280
2047	0.716277	0.702856
2048	0.717003	0.697468
2049	0.715040	0.706627
2050	0.715914	0.705280
2051	0.716335	0.704741
2052	0.716449	0.704472
2053	0.716453	0.695582
2054	0.716519	0.703664
2055	0.716356	0.701778
2056	0.716542	0.699353
2057	0.716073	0.703933
2058	0.716583	0.697468
2059	0.715747	0.703933
2060	1.015891	0.642241
2061	0.717103	0.699084
2062	0.717229	0.696390
2063	0.716828	0.701239
2064	0.716680	0.703394
2065	0.717436	0.698276
2066	0.716858	0.694235
2067	0.717403	0.697737
2068	0.717221	0.703664
2069	0.717140	0.703933
2070	0.716664	0.707705
2071	0.715752	0.700700
2072	0.716845	0.700700
2073	0.716760	0.704741
2074	0.716039	0.705819
2075	0.717063	0.704203
2076	0.716922	0.700700
2077	0.716221	0.700431
2078	0.717282	0.692080
2079	0.716680	0.701239
2080	0.717012	0.695851
2081	0.716969	0.701778
2082	0.715879	0.703664
2083	0.716362	0.704741
2084	0.716537	0.695851
2085	0.716785	0.702047
2086	0.716714	0.701778
2087	0.716900	0.700162
2088	0.716542	0.704741
2089	0.716439	0.703394
2090	0.716765	0.699892
2091	0.716639	0.702856
2092	0.716718	0.700700
2093	0.716720	0.700431
2094	0.717077	0.701509
2095	0.716072	0.703933
2096	0.716534	0.696390
2097	0.715870	0.702317
2098	0.716908	0.700431
2099	0.716835	0.699623
2100	0.716876	0.702317
2101	0.716930	0.700970
2102	0.716566	0.702586
2103	0.716679	0.702317
2104	0.716393	0.701509
2105	0.716114	0.705550
2106	0.716002	0.705550
2107	0.716425	0.703664
2108	0.716135	0.705280
2109	0.716573	0.702047
2110	0.716279	0.705280
2111	0.716267	0.705280
2112	0.716772	0.702317
2113	0.716867	0.698276
2114	0.716164	0.707705
2115	0.716290	0.701509
2116	0.716734	0.700970
2117	0.716801	0.703933
2118	0.716448	0.705011
2119	0.715983	0.707974
2120	0.716791	0.703933
2121	0.716527	0.705011
2122	0.716663	0.697468
2123	0.715989	0.705011
2124	0.716366	0.699892
2125	0.716376	0.703933
2126	0.716060	0.706627
2127	0.716597	0.701778
2128	0.716069	0.704472
2129	0.716522	0.698545
2130	0.716213	0.707166
2131	0.716502	0.699892
2132	0.716457	0.700431
2133	0.715882	0.707166
2134	0.716579	0.703664
2135	0.716226	0.709321
2136	0.716722	0.705011
2137	0.716340	0.703933
2138	0.716330	0.706358
2139	0.716292	0.706088
2140	0.715647	0.708513
2141	0.715940	0.707705
2142	0.716544	0.702047
2143	0.716349	0.706627
2144	0.716406	0.698815
2145	0.716920	0.699353
2146	0.716451	0.698545
2147	0.715957	0.708513
2148	0.716363	0.700700
2149	0.716567	0.703394
2150	0.716008	0.702047
2151	0.716303	0.703125
2152	0.716886	0.695851
2153	0.717128	0.701509
2154	0.715993	0.709321
2155	0.716220	0.706627
2156	0.715991	0.707166
2157	0.715987	0.705280
2158	0.716120	0.702047
2159	0.716144	0.706627
2160	0.716350	0.706088
2161	0.716768	0.702586
2162	0.716655	0.698815
2163	0.716443	0.703933
2164	0.716336	0.703125
2165	0.716465	0.700431
2166	0.715970	0.703664
2167	0.716363	0.700970
2168	0.716534	0.703125
2169	0.716399	0.703933
2170	0.715794	0.706627
2171	0.716448	0.701239
2172	0.716514	0.700700
2173	0.715589	0.696929
2174	0.717490	0.697198
2175	0.716834	0.699623
2176	0.716160	0.702317
2177	0.716259	0.703394
2178	0.716656	0.703664
2179	0.715549	0.707974
2180	0.716743	0.698545
2181	0.716746	0.702317
2182	0.716439	0.701509
2183	0.716087	0.704472
2184	0.716193	0.704203
2185	0.716264	0.704741
2186	0.716236	0.699623
2187	0.716700	0.704203
2188	0.716101	0.705011
2189	0.716165	0.700162
2190	0.716259	0.707705
2191	0.716418	0.702586
2192	0.716774	0.698276
2193	0.715959	0.707166
2194	0.716574	0.705280
2195	0.716627	0.706897
2196	0.716250	0.703664
2197	0.716482	0.700162
2198	0.715469	0.712285
2199	0.717052	0.701239
2200	0.716435	0.703125
2201	0.716038	0.702856
2202	0.716153	0.702317
2203	0.716570	0.703394
2204	0.715919	0.708782
2205	0.716468	0.699084
2206	0.716450	0.707705
2207	0.716185	0.704203
2208	0.716457	0.704203
2209	0.716726	0.702317
2210	0.716609	0.701239
2211	0.716044	0.704472
2212	0.716343	0.704203
2213	0.716198	0.702586
2214	0.715594	0.710938
2215	0.716519	0.704472
2216	0.716157	0.700970
2217	0.716412	0.703933
2218	0.715616	0.704203
2219	0.715834	0.701778
2220	0.716460	0.705550
2221	0.716503	0.705550
2222	0.716206	0.704741
2223	0.716396	0.704741
2224	0.716715	0.702047
2225	0.716413	0.698006
2226	0.715773	0.707435
2227	0.716126	0.703394
2228	0.716345	0.702856
2229	0.716406	0.699623
2230	0.715937	0.705819
2231	0.716274	0.703933
2232	0.716803	0.705011
2233	0.716273	0.702586
2234	0.716240	0.698276
2235	0.715767	0.708513
2236	0.716659	0.700970
2237	0.716563	0.698276
2238	0.716413	0.702586
2239	0.716183	0.701778
2240	0.716398	0.705550
2241	0.716208	0.705280
2242	0.717017	0.694504
2243	0.715995	0.704741
2244	0.716465	0.701778
2245	0.716550	0.700700
2246	0.715605	0.710399
2247	0.716070	0.705011
2248	0.715846	0.704203
2249	0.716920	0.701239
2250	0.716267	0.702047
2251	0.715623	0.706358
2252	0.716166	0.704472
2253	0.716562	0.704741
2254	0.716066	0.703394
2255	0.716420	0.704741
2256	0.716207	0.701239
2257	0.716515	0.702856
2258	0.716780	0.698545
2259	0.716803	0.701509
2260	0.715987	0.704472
2261	0.716291	0.703125
2262	0.716465	0.698815
2263	0.716977	0.707705
2264	0.716484	0.701778
2265	0.716685	0.700162
2266	0.716191	0.704472
2267	0.715753	0.703933
2268	0.716130	0.701239
2269	0.716011	0.705819
2270	0.716752	0.700431
2271	0.716549	0.704741
2272	0.715934	0.710668
2273	0.716822	0.695851
2274	0.716754	0.701239
2275	0.715819	0.708782
2276	0.716779	0.698545
2277	0.716523	0.702856
2278	0.716967	0.703125
2279	0.716500	0.702317
2280	0.716361	0.703933
2281	0.715569	0.700431
2282	0.715843	0.705550
2283	0.716020	0.703125
2284	0.716939	0.700970
2285	0.716572	0.699623
2286	0.715768	0.706897
2287	0.715245	0.706627
2288	0.716301	0.707166
2289	0.716653	0.701778
2290	0.716906	0.699084
2291	0.716162	0.705280
2292	0.716546	0.705280
2293	0.716464	0.702586
2294	0.716159	0.708244
2295	0.716037	0.698815
2296	0.716398	0.704741
2297	0.716786	0.703394
2298	0.716286	0.702856
2299	0.716361	0.705280
2300	0.716702	0.698006
2301	0.716614	0.700431
2302	0.716042	0.705011
2303	0.716303	0.704203
2304	0.715102	0.707705
2305	0.715987	0.700431
2306	0.716461	0.703664
2307	0.716794	0.700162
2308	0.716035	0.706358
2309	0.716223	0.702856
2310	0.716017	0.706358
2311	0.716532	0.698545
2312	0.715773	0.706627
2313	0.716068	0.709052
2314	0.716706	0.703394
2315	0.716642	0.700162
2316	0.716540	0.702856
2317	0.715846	0.703664
2318	0.715626	0.702317
2319	0.716260	0.701509
2320	0.716566	0.703125
2321	0.716189	0.703394
2322	0.716219	0.705550
2323	0.715618	0.705011
2324	0.716546	0.700431
2325	0.716866	0.698545
2326	0.716383	0.710668
2327	0.716588	0.704741
2328	0.716545	0.704741
2329	0.716450	0.703933
2330	0.717063	0.701509
2331	0.716763	0.697468
2332	0.716437	0.703933
2333	0.715882	0.705819
2334	0.716186	0.702317
2335	0.716644	0.701239
2336	0.716156	0.701778
2337	0.716217	0.703125
2338	0.715994	0.704472
2339	0.716644	0.702856
2340	0.716906	0.700431
2341	0.716522	0.699353
2342	0.716675	0.696929
2343	0.716424	0.701509
2344	0.715807	0.706897
2345	0.716318	0.703394
2346	0.716659	0.701239
2347	0.716286	0.702586
2348	0.716248	0.700700
2349	0.716096	0.707705
2350	0.716268	0.700431
2351	0.716485	0.700162
2352	0.716286	0.704203
2353	0.716648	0.697198
2354	0.716291	0.701778
2355	0.716433	0.703394
2356	0.716370	0.704472
2357	0.716717	0.699892
2358	0.716467	0.703664
2359	0.715485	0.703933
2360	0.716054	0.703125
2361	0.716436	0.703933
2362	0.716150	0.702586
2363	0.715361	0.708513
2364	0.716276	0.700970
2365	0.716048	0.704472
2366	0.716446	0.699892
2367	0.715849	0.702586
2368	0.716298	0.705280
2369	0.716220	0.701509
2370	0.716715	0.702586
2371	0.716759	0.700162
2372	0.716040	0.703933
2373	0.715993	0.700431
2374	0.716049	0.702856
2375	0.716506	0.702586
2376	0.716535	0.706627
2377	0.716516	0.702317
2378	0.716274	0.702586
2379	0.716057	0.705011
2380	0.716672	0.700162
2381	0.715912	0.705280
2382	0.716448	0.698545
2383	0.716649	0.704741
2384	0.715705	0.705550
2385	0.716656	0.700700
2386	0.716452	0.705011
2387	0.716370	0.703664
2388	0.716386	0.703933
2389	0.716439	0.698276
2390	0.716413	0.705280
2391	0.716552	0.698545
2392	0.716668	0.704472
2393	0.716098	0.707705
2394	0.716374	0.703664
2395	0.716680	0.702586
2396	0.716738	0.700431
2397	0.716365	0.707705
2398	0.716048	0.702856
2399	0.716067	0.701778
2400	0.715841	0.703933
2401	0.716089	0.705011
2402	0.716599	0.700700
2403	0.716519	0.702317
2404	0.716703	0.697737
2405	0.715821	0.703664
2406	0.716732	0.698815
2407	0.715644	0.709321
2408	0.716587	0.701778
2409	0.716520	0.701239
2410	0.716294	0.704203
2411	0.716181	0.705550
2412	0.716268	0.701778
2413	0.716536	0.707435
2414	0.716373	0.703933
2415	0.716037	0.702586
2416	0.715867	0.703394
2417	0.716549	0.701778
2418	0.715979	0.706358
2419	0.716431	0.698276
2420	0.716193	0.702047
2421	0.716407	0.698545
2422	0.715965	0.709321
2423	0.716280	0.703394
2424	0.716713	0.702047
2425	0.716668	0.699623
2426	0.716479	0.701509
2427	0.716080	0.701239
2428	0.715960	0.702856
2429	0.716567	0.703125
2430	0.716468	0.704741
2431	0.715938	0.705550
2432	0.716867	0.699623
2433	0.716128	0.704472
2434	0.716027	0.700970
2435	0.716617	0.701509
2436	0.716118	0.704741
2437	0.716911	0.699353
2438	0.716773	0.703394
2439	0.716806	0.701778
2440	0.716518	0.710668
2441	0.716220	0.701778
2442	0.716459	0.703664
2443	0.716024	0.706088
2444	0.716151	0.700970
2445	0.716052	0.699623
2446	0.716349	0.706088
2447	0.715801	0.705011
2448	0.716636	0.707166
2449	0.716310	0.705550
2450	0.716472	0.700162
2451	0.716602	0.703933
2452	0.716318	0.705011
2453	0.716071	0.709052
2454	0.715954	0.706897
2455	0.716290	0.705550
2456	0.716429	0.702856
2457	0.716315	0.703394
2458	0.715863	0.707435
2459	0.716710	0.704203
2460	0.716681	0.701239
2461	0.716242	0.705280
2462	0.716727	0.702586
2463	0.715919	0.703394
2464	0.715798	0.703125
2465	0.717053	0.696390
2466	0.716321	0.707435
2467	0.716584	0.700970
2468	0.716253	0.703394
2469	0.716421	0.704203
2470	0.716489	0.705550
2471	0.715680	0.705280
2472	0.716958	0.700162
2473	0.715993	0.707166
2474	0.716265	0.704203
2475	0.716650	0.699892
2476	0.716209	0.703125
2477	0.716269	0.699892
2478	0.716740	0.705819
2479	0.716178	0.707435
2480	0.715516	0.707705
2481	0.716396	0.698006
2482	0.716670	0.701509
2483	0.715346	0.709321
2484	0.716166	0.707705
2485	0.716578	0.699084
2486	0.716475	0.705280
2487	0.716271	0.699623
2488	0.716703	0.700700
2489	0.716395	0.704472
2490	0.716624	0.702317
2491	0.715900	0.697468
2492	0.716431	0.703664
2493	0.716190	0.706897
2494	0.717084	0.693696
2495	0.715959	0.707435
2496	0.716505	0.701239
2497	0.716312	0.706358
2498	0.716815	0.699084
2499	0.716802	0.706088
2500	0.716499	0.704203
2501	0.717109	0.701239
2502	0.716027	0.704203
2503	0.717143	0.697737
2504	0.716344	0.699623
2505	0.716274	0.703125
2506	0.716710	0.702317
2507	0.716512	0.698006
2508	0.716437	0.705280
2509	0.715875	0.705819
2510	0.716668	0.702586
2511	0.716419	0.704472
2512	0.716242	0.707705
2513	0.716481	0.703664
2514	0.716188	0.702317
2515	0.716190	0.709321
2516	0.716455	0.699623
2517	0.715644	0.702317
2518	0.716526	0.703664
2519	0.716204	0.703933
2520	0.716126	0.703933
2521	0.716524	0.700162
2522	0.717030	0.700700
2523	0.715972	0.703664
2524	0.716399	0.700970
2525	0.715688	0.705280
2526	0.716782	0.696390
2527	0.716547	0.705550
2528	0.716557	0.700970
2529	0.716368	0.702047
2530	0.715919	0.707166
2531	0.715980	0.709321
2532	0.717013	0.701239
2533	0.716119	0.703664
2534	0.716465	0.699892
2535	0.715395	0.707435
2536	0.716288	0.703394
2537	0.716063	0.702047
2538	0.716208	0.703933
2539	0.716499	0.701778
2540	0.716441	0.706897
2541	0.716038	0.705550
2542	0.716874	0.702317
2543	0.716765	0.703394
2544	0.716107	0.699623
2545	0.716336	0.706358
2546	0.716184	0.702047
2547	0.716450	0.698545
2548	0.716838	0.700700
2549	0.716561	0.700970
2550	0.716077	0.703394
2551	0.716692	0.700970
2552	0.715631	0.701239
2553	0.715571	0.706358
2554	0.716674	0.702586
2555	0.716816	0.699623
2556	0.716693	0.703394
2557	0.715921	0.707435
2558	0.715873	0.702317
2559	0.716435	0.699892
2560	0.716826	0.702856
2561	0.716417	0.706627
2562	0.716244	0.705011
2563	0.716477	0.701239
2564	0.715718	0.706897
2565	0.716494	0.702317
2566	0.716678	0.702586
2567	0.716067	0.703933
2568	0.716145	0.704741
2569	0.716577	0.702047
2570	0.716485	0.699892
2571	0.716226	0.702317
2572	0.716195	0.703125
2573	0.715413	0.703125
2574	0.716249	0.700700
2575	0.717030	0.698545
2576	0.716671	0.704741
2577	0.716249	0.705280
2578	0.716195	0.706088
2579	0.716297	0.700970
2580	0.716536	0.698006
2581	0.717238	0.693965
2582	0.716975	0.703125
2583	0.716025	0.707166
2584	0.716534	0.705550
2585	0.716054	0.703394
2586	0.716962	0.702856
2587	0.717088	0.699084
2588	0.716267	0.707166
2589	0.716043	0.701778
2590	0.716623	0.704472
2591	0.715869	0.704472
2592	0.716486	0.703125
2593	0.716646	0.710668
2594	0.716348	0.703933
2595	0.716620	0.703125
2596	0.716286	0.702317
2597	0.716316	0.701509
2598	0.716488	0.702856
2599	0.716017	0.705011
2600	0.716761	0.699623
2601	0.716078	0.700162
2602	0.716291	0.707166
2603	0.716206	0.702856
2604	0.716554	0.701509
2605	0.716151	0.701778
2606	0.716336	0.699892
2607	0.716165	0.706627
2608	0.716611	0.705011
2609	0.716553	0.703394
2610	0.715706	0.710668
2611	0.716162	0.705819
2612	0.716342	0.702586
2613	0.716326	0.704741
2614	0.716211	0.697737
2615	0.716055	0.704203
2616	0.716232	0.705280
2617	0.716081	0.705011
2618	0.715658	0.702856
2619	0.716732	0.697468
2620	0.716823	0.701778
2621	0.716473	0.703125
2622	0.716522	0.707435
2623	0.716531	0.700970
2624	0.716542	0.702317
2625	0.716246	0.706088
2626	0.716606	0.700700
2627	0.716131	0.704472
2628	0.716745	0.699623
2629	0.716649	0.701509
2630	0.716156	0.706088
2631	0.715996	0.703933
2632	0.716088	0.705280
2633	0.716097	0.702856
2634	0.715959	0.704472
2635	0.716621	0.704741
2636	0.716230	0.706358
2637	0.716152	0.703125
2638	0.715347	0.701778
2639	0.716832	0.701778
2640	0.715698	0.701509
2641	0.717039	0.700162
2642	0.716829	0.699084
2643	0.716600	0.703394
2644	0.716451	0.705550
2645	0.716474	0.701509
2646	0.716355	0.707166
2647	0.716679	0.704472
2648	0.716622	0.703664
2649	0.716690	0.702856
2650	0.716044	0.699353
2651	0.717016	0.698545
2652	0.716318	0.702047
2653	0.716586	0.704472
2654	0.716752	0.701239
2655	0.716363	0.702047
2656	0.716546	0.704203
2657	0.716786	0.699892
2658	0.716585	0.699623
2659	0.716211	0.707435
2660	0.716017	0.704472
2661	0.716205	0.699623
2662	0.715822	0.705819
2663	0.716342	0.701778
2664	0.716270	0.698006
2665	0.716671	0.703394
2666	0.716700	0.697468
2667	0.716799	0.703933
2668	0.716561	0.706627
2669	0.716151	0.706358
2670	0.715863	0.706088
2671	0.716917	0.702317
2672	0.716189	0.705011
2673	0.716636	0.702856
2674	0.716456	0.703394
2675	0.716665	0.701509
2676	0.715957	0.706627
2677	0.716130	0.702586
2678	0.716439	0.702047
2679	0.715816	0.701778
2680	0.716514	0.704741
2681	0.716499	0.701239
2682	0.716435	0.700162
2683	0.716287	0.700162
2684	0.716811	0.696390
2685	0.715809	0.703664
2686	0.715993	0.701778
2687	0.715532	0.708244
2688	0.716365	0.701239
2689	0.716743	0.701239
2690	0.716363	0.703394
2691	0.716811	0.702586
2692	0.716400	0.704203
2693	0.716073	0.703933
2694	0.716237	0.704203
2695	0.716108	0.705819
2696	0.716055	0.705011
2697	0.716137	0.699353
2698	0.716392	0.702317
2699	0.717257	0.696121
2700	0.716163	0.703394
2701	0.716606	0.706088
2702	0.716642	0.703125
2703	0.716637	0.702317
2704	0.716548	0.701239
2705	0.716331	0.700431
2706	0.715935	0.705280
2707	0.716296	0.700970
2708	0.716533	0.702047
2709	0.716370	0.708244
2710	0.716384	0.701778
2711	0.716601	0.699353
2712	0.715812	0.705011
2713	0.716586	0.703394
2714	0.716568	0.705819
2715	0.716821	0.699353
2716	0.716027	0.698815
2717	0.716720	0.703933
2718	0.716121	0.704203
2719	0.716802	0.704472
2720	0.716541	0.704741
2721	0.716208	0.708513
2722	0.716217	0.698545
2723	0.716765	0.701239
2724	0.716336	0.701239
2725	0.716309	0.701509
2726	0.716755	0.702856
2727	0.716802	0.703125
2728	0.716009	0.705819
2729	0.716525	0.698276
2730	0.715906	0.699892
2731	0.716540	0.701509
2732	0.716495	0.698815
2733	0.716783	0.700162
2734	0.716524	0.705011
2735	0.716945	0.702856
2736	0.716457	0.705011
2737	0.715843	0.703933
2738	0.716689	0.699623
2739	0.715569	0.704741
2740	0.716919	0.702317
2741	0.716087	0.707705
2742	0.716556	0.704472
2743	0.716158	0.703664
2744	0.715748	0.703933
2745	0.717082	0.699353
2746	0.716741	0.694235
2747	0.715964	0.702856
2748	0.716834	0.700431
2749	0.716546	0.699623
2750	0.716188	0.701778
2751	0.716876	0.699623
2752	0.716354	0.702047
2753	0.715768	0.705819
2754	0.716524	0.703394
2755	0.716291	0.698815
2756	0.716255	0.712285
2757	0.715739	0.708513
2758	0.716203	0.702317
2759	0.716452	0.701239
2760	0.716783	0.697737
2761	0.716555	0.698815
2762	0.716515	0.703664
2763	0.716471	0.707166
2764	0.716274	0.703394
2765	0.716597	0.704472
2766	0.716482	0.700162
2767	0.716418	0.699892
2768	0.716067	0.706897
2769	0.716745	0.699084
2770	0.716305	0.702586
2771	0.716013	0.704741
2772	0.716561	0.702317
2773	0.716054	0.700431
2774	0.716565	0.704741
2775	0.716082	0.701778
2776	0.716623	0.699623
2777	0.716853	0.701239
2778	0.716841	0.696121
2779	0.716360	0.704203
2780	0.716099	0.705011
2781	0.717051	0.700162
2782	0.716638	0.703394
2783	0.716552	0.702047
2784	0.716557	0.704203
2785	0.716577	0.701509
2786	0.716788	0.700970
2787	0.716671	0.700970
2788	0.716510	0.701509
2789	0.716125	0.700162
2790	0.716420	0.697468
2791	0.716195	0.705011
2792	0.716435	0.702047
2793	0.716405	0.704203
2794	0.716064	0.706358
2795	0.716335	0.705011
2796	0.715954	0.702586
2797	0.716670	0.700431
2798	0.716142	0.705550
2799	0.715998	0.704472
2800	0.715419	0.707974
2801	0.716886	0.700700
2802	0.716327	0.698276
2803	0.716626	0.700970
2804	0.716094	0.704203
2805	0.716685	0.702586
2806	0.715358	0.707435
2807	0.716140	0.704203
2808	0.716964	0.696390
2809	0.716388	0.706897
2810	0.716618	0.700700
2811	0.716470	0.702317
2812	0.715923	0.703933
2813	0.716349	0.704203
2814	0.716567	0.703664
2815	0.716595	0.705550
2816	0.716174	0.699892
2817	0.716778	0.700431
2818	0.716369	0.702856
2819	0.716176	0.704741
2820	0.716321	0.703664
2821	0.716263	0.704472
2822	0.716393	0.709590
2823	0.716245	0.705011
2824	0.715935	0.704741
2825	0.716696	0.698815
2826	0.716019	0.700431
2827	0.716224	0.708782
2828	0.716064	0.702856
2829	0.715836	0.705011
2830	0.716859	0.701509
2831	0.716399	0.699892
2832	0.716725	0.702586
2833	0.715994	0.706088
2834	0.715927	0.704203
2835	0.716933	0.703125
2836	0.716887	0.695312
2837	0.716844	0.703664
2838	0.716578	0.701509
2839	0.716124	0.707974
2840	0.715856	0.702317
2841	0.716093	0.703664
2842	0.715579	0.706088
2843	0.715821	0.703933
2844	0.717131	0.700700
2845	0.716380	0.704472
2846	0.716340	0.703125
2847	0.716466	0.699623
2848	0.716122	0.707705
2849	0.716031	0.704741
2850	0.716325	0.710938
2851	0.715818	0.711207
2852	0.717071	0.697737
2853	0.716251	0.704741
2854	0.716457	0.698276
2855	0.716390	0.700431
2856	0.716847	0.703394
2857	0.716438	0.701509
2858	0.716443	0.704203
2859	0.716322	0.702586
2860	0.716152	0.705280
2861	0.715818	0.705011
2862	0.716099	0.702317
2863	0.715946	0.708513
2864	0.716849	0.703125
2865	0.716259	0.703933
2866	0.716269	0.706897
2867	0.716925	0.702047
2868	0.715963	0.705550
2869	0.716464	0.706088
2870	0.716190	0.700970
2871	0.716243	0.704472
2872	0.716481	0.700162
2873	0.716669	0.698006
2874	0.716438	0.702317
2875	0.716568	0.704203
2876	0.716854	0.704203
2877	0.716040	0.705819
2878	0.716311	0.702586
2879	0.716871	0.703933
2880	0.716708	0.702317
2881	0.716274	0.702317
2882	0.717028	0.700970
2883	0.716581	0.701778
2884	0.716716	0.703664
2885	0.716604	0.701778
2886	0.716072	0.705280
2887	0.716474	0.700431
2888	0.715783	0.703664
2889	0.716689	0.704472
2890	0.716234	0.704203
2891	0.716118	0.705011
2892	0.716512	0.699084
2893	0.716751	0.703394
2894	0.716557	0.702856
2895	0.716061	0.705819
2896	0.716397	0.701778
2897	0.716585	0.706088
2898	0.716895	0.703933
2899	0.716401	0.707166
2900	0.716440	0.702047
2901	0.715897	0.709590
2902	0.716500	0.704203
2903	0.716645	0.698815
2904	0.716670	0.700700
2905	0.716562	0.699353
2906	0.716570	0.702856
2907	0.716450	0.701239
2908	0.716537	0.705819
2909	0.715861	0.706627
2910	0.716772	0.700700
2911	0.716477	0.705819
2912	0.715867	0.703394
2913	0.716901	0.702586
2914	0.716292	0.706088
2915	0.716579	0.700970
2916	0.716279	0.699353
2917	0.716774	0.704741
2918	0.716227	0.706088
2919	0.716585	0.706088
2920	0.716201	0.703664
2921	0.716470	0.701239
2922	0.716419	0.700970
2923	0.716411	0.706088
2924	0.716395	0.705280
2925	0.716503	0.701778
2926	0.715913	0.708782
2927	0.716306	0.701239
2928	0.716087	0.702856
2929	0.716122	0.703394
2930	0.715949	0.703664
2931	0.716286	0.702317
2932	0.716258	0.699892
2933	0.715741	0.703933
2934	0.716033	0.702586
2935	0.716188	0.696390
2936	0.716312	0.698815
2937	0.715973	0.700162
2938	0.716536	0.702047
2939	0.716555	0.700431
2940	0.716915	0.697198
2941	0.716107	0.702856
2942	0.716309	0.702586
2943	0.716116	0.703394
2944	0.716561	0.706088
2945	0.716019	0.701239
2946	0.716949	0.701509
2947	0.716019	0.707435
2948	0.715813	0.705011
2949	0.716391	0.705011
2950	0.716275	0.703125
2951	0.715605	0.703933
2952	0.717026	0.701239
2953	0.717100	0.700700
2954	0.716868	0.702586
2955	0.716542	0.705819
2956	0.716278	0.702586
2957	0.716360	0.704741
2958	0.716257	0.704203
2959	0.716938	0.701509
2960	0.716478	0.705011
2961	0.716512	0.702317
2962	0.716649	0.703125
2963	0.716662	0.706358
2964	0.716234	0.695851
2965	0.716240	0.706088
2966	0.716320	0.700970
2967	0.716455	0.701509
2968	0.716492	0.702047
2969	0.716498	0.700970
2970	0.716315	0.707435
2971	0.716332	0.703125
2972	0.716537	0.700162
2973	0.716549	0.699623
2974	0.716611	0.700431
2975	0.716336	0.703664
2976	0.716872	0.696929
2977	0.716896	0.703664
2978	0.716446	0.698545
2979	0.715613	0.700700
2980	0.717207	0.699623
2981	0.717278	0.694235
2982	0.716561	0.702317
2983	0.716459	0.699892
2984	0.716365	0.705011
2985	0.716068	0.706627
2986	0.716564	0.707705
2987	0.716370	0.702856
2988	0.717330	0.698545
2989	0.716643	0.702047
2990	0.716208	0.702047
2991	0.716754	0.702856
2992	0.715940	0.705819
2993	0.716516	0.698276
2994	0.716261	0.700970
2995	0.716250	0.703933
2996	0.716094	0.708244
2997	0.716270	0.703125
2998	0.716604	0.705550
2999	0.716462	0.704741
3000	0.715768	0.705819
Test result: Loss= 0.717609, Accuracy= 0.69666